# ComponentNum
2
# Component0
# SurfNodeNumPts
66
# SurfFaceNumPts
50
# nXsecs
10
# nYsecs
5
# Nodes,x,y,z
0,0.943675,0.0,0.014982
1,0.8504136319232213,0.0,0.014040826337796346
2,0.6138355510518019,0.0,-0.049951697162013746
3,0.3124214497398999,0.0,-0.07690967579455227
4,0.06862484003711786,0.0,-0.05334771136995871
5,-3.9e-05,0.0,-0.00103
6,0.058931517358750525,0.0,0.06153048557849409
7,0.3040461458355614,0.0,0.08706718981379818
8,0.6087799233363185,0.0,0.07829123905503392
9,0.8517632452344613,0.0,0.03592240341356535
10,0.943675,0.0,0.014982
11,0.943675,2.0,0.014982
12,0.8504136319232213,2.0,0.014040826337796346
13,0.6138355510518019,2.0,-0.049951697162013746
14,0.3124214497398999,2.0,-0.07690967579455227
15,0.06862484003711786,2.0,-0.05334771136995871
16,-3.9e-05,2.0,-0.00103
17,0.058931517358750525,2.0,0.06153048557849409
18,0.3040461458355614,2.0,0.08706718981379818
19,0.6087799233363185,2.0,0.07829123905503392
20,0.8517632452344613,2.0,0.03592240341356535
21,0.943675,2.0,0.014982
22,0.943675,4.0,0.014982
23,0.8504136319232213,4.0,0.014040826337796346
24,0.6138355510518019,4.0,-0.049951697162013746
25,0.3124214497398999,4.0,-0.07690967579455227
26,0.06862484003711786,4.0,-0.05334771136995871
27,-3.9e-05,4.0,-0.00103
28,0.058931517358750525,4.0,0.06153048557849409
29,0.3040461458355614,4.0,0.08706718981379818
30,0.6087799233363185,4.0,0.07829123905503392
31,0.8517632452344613,4.0,0.03592240341356535
32,0.943675,4.0,0.014982
33,0.943675,6.0,0.014982
34,0.8504136319232213,6.0,0.014040826337796346
35,0.6138355510518019,6.0,-0.049951697162013746
36,0.3124214497398999,6.0,-0.07690967579455227
37,0.06862484003711786,6.0,-0.05334771136995871
38,-3.9e-05,6.0,-0.00103
39,0.058931517358750525,6.0,0.06153048557849409
40,0.3040461458355614,6.0,0.08706718981379818
41,0.6087799233363185,6.0,0.07829123905503392
42,0.8517632452344613,6.0,0.03592240341356535
43,0.943675,6.0,0.014982
44,0.943675,8.0,0.014982
45,0.8504136319232213,8.0,0.014040826337796346
46,0.6138355510518019,8.0,-0.049951697162013746
47,0.3124214497398999,8.0,-0.07690967579455227
48,0.06862484003711786,8.0,-0.05334771136995871
49,-3.9e-05,8.0,-0.00103
50,0.058931517358750525,8.0,0.06153048557849409
51,0.3040461458355614,8.0,0.08706718981379818
52,0.6087799233363185,8.0,0.07829123905503392
53,0.8517632452344613,8.0,0.03592240341356535
54,0.943675,8.0,0.014982
55,0.943675,10.0,0.014982
56,0.8504136319232213,10.0,0.014040826337796346
57,0.6138355510518019,10.0,-0.049951697162013746
58,0.3124214497398999,10.0,-0.07690967579455227
59,0.06862484003711786,10.0,-0.05334771136995871
60,-3.9e-05,10.0,-0.00103
61,0.058931517358750525,10.0,0.06153048557849409
62,0.3040461458355614,10.0,0.08706718981379818
63,0.6087799233363185,10.0,0.07829123905503392
64,0.8517632452344613,10.0,0.03592240341356535
65,0.943675,10.0,0.014982
# SurfPanels,P1,P2,P3,P4
0,0,1,12,11
1,1,2,13,12
2,2,3,14,13
3,3,4,15,14
4,4,5,16,15
5,5,6,17,16
6,6,7,18,17
7,7,8,19,18
8,8,9,20,19
9,9,10,21,20
10,11,12,23,22
11,12,13,24,23
12,13,14,25,24
13,14,15,26,25
14,15,16,27,26
15,16,17,28,27
16,17,18,29,28
17,18,19,30,29
18,19,20,31,30
19,20,21,32,31
20,22,23,34,33
21,23,24,35,34
22,24,25,36,35
23,25,26,37,36
24,26,27,38,37
25,27,28,39,38
26,28,29,40,39
27,29,30,41,40
28,30,31,42,41
29,31,32,43,42
30,33,34,45,44
31,34,35,46,45
32,35,36,47,46
33,36,37,48,47
34,37,38,49,48
35,38,39,50,49
36,39,40,51,50
37,40,41,52,51
38,41,42,53,52
39,42,43,54,53
40,44,45,56,55
41,45,46,57,56
42,46,47,58,57
43,47,48,59,58
44,48,49,60,59
45,49,50,61,60
46,50,51,62,61
47,51,52,63,62
48,52,53,64,63
49,53,54,65,64
# WAKE 
# SurfNodeNumPts
12
# SurfFaceNumPts
5
# nXsecs
1
# nYsecs
5
# Nodes,x,y,z
0,0.943675,0.0,0.014982
1,20.943675,0.0,0.014982
2,0.943675,2.0,0.014982
3,20.943675,2.0,0.014982
4,0.943675,4.0,0.014982
5,20.943675,4.0,0.014982
6,0.943675,6.0,0.014982
7,20.943675,6.0,0.014982
8,0.943675,8.0,0.014982
9,20.943675,8.0,0.014982
10,0.943675,10.0,0.014982
11,20.943675,10.0,0.014982
# SurfPanels,P1,P2,P3,P4
0,0,1,3,2
1,2,3,5,4
2,4,5,7,6
3,6,7,9,8
4,8,9,11,10
# TrailingEdgeFaces,Lower,Upper
0,0,9
1,10,19
2,20,29
3,30,39
4,40,49
# Component1
# SurfNodeNumPts
66
# SurfFaceNumPts
50
# nXsecs
10
# nYsecs
5
# Nodes,x,y,z
0,1.202172999989371,0.0,-0.10005992969947686
1,1.1737940876127686,0.0,-0.08868937645273045
2,1.096852498381492,0.0,-0.06313993938956822
3,0.9985406618501832,0.0,-0.0435824481209002
4,0.9181373143975518,0.0,-0.03275052405388515
5,0.8903435358150398,0.0,-0.024544819246341096
6,0.9171950237471255,0.0,-0.010915231782478269
7,1.0007300213434975,0.0,-0.015371053220611079
8,1.099806124323479,0.0,-0.04580922790129671
9,1.1750918842019278,0.0,-0.0828723996340439
10,1.202172999989371,0.0,-0.10005992969947687
11,1.202172999989371,2.0,-0.10005992969947686
12,1.1737940876127686,2.0,-0.08868937645273045
13,1.096852498381492,2.0,-0.06313993938956822
14,0.9985406618501832,2.0,-0.0435824481209002
15,0.9181373143975518,2.0,-0.03275052405388515
16,0.8903435358150398,2.0,-0.024544819246341096
17,0.9171950237471255,2.0,-0.010915231782478269
18,1.0007300213434975,2.0,-0.015371053220611079
19,1.099806124323479,2.0,-0.04580922790129671
20,1.1750918842019278,2.0,-0.0828723996340439
21,1.202172999989371,2.0,-0.10005992969947687
22,1.202172999989371,4.0,-0.10005992969947686
23,1.1737940876127686,4.0,-0.08868937645273045
24,1.096852498381492,4.0,-0.06313993938956822
25,0.9985406618501832,4.0,-0.0435824481209002
26,0.9181373143975518,4.0,-0.03275052405388515
27,0.8903435358150398,4.0,-0.024544819246341096
28,0.9171950237471255,4.0,-0.010915231782478269
29,1.0007300213434975,4.0,-0.015371053220611079
30,1.099806124323479,4.0,-0.04580922790129671
31,1.1750918842019278,4.0,-0.0828723996340439
32,1.202172999989371,4.0,-0.10005992969947687
33,1.202172999989371,6.0,-0.10005992969947686
34,1.1737940876127686,6.0,-0.08868937645273045
35,1.096852498381492,6.0,-0.06313993938956822
36,0.9985406618501832,6.0,-0.0435824481209002
37,0.9181373143975518,6.0,-0.03275052405388515
38,0.8903435358150398,6.0,-0.024544819246341096
39,0.9171950237471255,6.0,-0.010915231782478269
40,1.0007300213434975,6.0,-0.015371053220611079
41,1.099806124323479,6.0,-0.04580922790129671
42,1.1750918842019278,6.0,-0.0828723996340439
43,1.202172999989371,6.0,-0.10005992969947687
44,1.202172999989371,8.0,-0.10005992969947686
45,1.1737940876127686,8.0,-0.08868937645273045
46,1.096852498381492,8.0,-0.06313993938956822
47,0.9985406618501832,8.0,-0.0435824481209002
48,0.9181373143975518,8.0,-0.03275052405388515
49,0.8903435358150398,8.0,-0.024544819246341096
50,0.9171950237471255,8.0,-0.010915231782478269
51,1.0007300213434975,8.0,-0.015371053220611079
52,1.099806124323479,8.0,-0.04580922790129671
53,1.1750918842019278,8.0,-0.0828723996340439
54,1.202172999989371,8.0,-0.10005992969947687
55,1.202172999989371,10.0,-0.10005992969947686
56,1.1737940876127686,10.0,-0.08868937645273045
57,1.096852498381492,10.0,-0.06313993938956822
58,0.9985406618501832,10.0,-0.0435824481209002
59,0.9181373143975518,10.0,-0.03275052405388515
60,0.8903435358150398,10.0,-0.024544819246341096
61,0.9171950237471255,10.0,-0.010915231782478269
62,1.0007300213434975,10.0,-0.015371053220611079
63,1.099806124323479,10.0,-0.04580922790129671
64,1.1750918842019278,10.0,-0.0828723996340439
65,1.202172999989371,10.0,-0.10005992969947687
# SurfPanels,P1,P2,P3,P4
0,0,1,12,11
1,1,2,13,12
2,2,3,14,13
3,3,4,15,14
4,4,5,16,15
5,5,6,17,16
6,6,7,18,17
7,7,8,19,18
8,8,9,20,19
9,9,10,21,20
10,11,12,23,22
11,12,13,24,23
12,13,14,25,24
13,14,15,26,25
14,15,16,27,26
15,16,17,28,27
16,17,18,29,28
17,18,19,30,29
18,19,20,31,30
19,20,21,32,31
20,22,23,34,33
21,23,24,35,34
22,24,25,36,35
23,25,26,37,36
24,26,27,38,37
25,27,28,39,38
26,28,29,40,39
27,29,30,41,40
28,30,31,42,41
29,31,32,43,42
30,33,34,45,44
31,34,35,46,45
32,35,36,47,46
33,36,37,48,47
34,37,38,49,48
35,38,39,50,49
36,39,40,51,50
37,40,41,52,51
38,41,42,53,52
39,42,43,54,53
40,44,45,56,55
41,45,46,57,56
42,46,47,58,57
43,47,48,59,58
44,48,49,60,59
45,49,50,61,60
46,50,51,62,61
47,51,52,63,62
48,52,53,64,63
49,53,54,65,64
# WAKE 
# SurfNodeNumPts
12
# SurfFaceNumPts
5
# nXsecs
1
# nYsecs
5
# Nodes,x,y,z
0,1.202172999989371,0.0,-0.10005992969947686
1,21.202172999989372,0.0,-0.10005992969947686
2,1.202172999989371,2.0,-0.10005992969947686
3,21.202172999989372,2.0,-0.10005992969947686
4,1.202172999989371,4.0,-0.10005992969947686
5,21.202172999989372,4.0,-0.10005992969947686
6,1.202172999989371,6.0,-0.10005992969947686
7,21.202172999989372,6.0,-0.10005992969947686
8,1.202172999989371,8.0,-0.10005992969947686
9,21.202172999989372,8.0,-0.10005992969947686
10,1.202172999989371,10.0,-0.10005992969947686
11,21.202172999989372,10.0,-0.10005992969947686
# SurfPanels,P1,P2,P3,P4
0,0,1,3,2
1,2,3,5,4
2,4,5,7,6
3,6,7,9,8
4,8,9,11,10
# TrailingEdgeFaces,Lower,Upper
0,0,9
1,10,19
2,20,29
3,30,39
4,40,49
