# ComponentNum
1
# Component0
# SurfNodeNumPts
703
# SurfFaceNumPts
648
# nXsecs
36
# nYsecs
18
# Nodes,x,y,z
0,11.05,0.0,1.0500000000000003
1,10.974038765061042,0.0,1.0408443672518781
2,10.748463103929543,0.0,1.0141771622980038
3,10.380127018922195,0.0,0.9722374291190937
4,9.880222215594891,0.0,0.9182967582447397
5,9.263938048432697,0.0,0.8561877013104393
6,8.549999999999999,0.0,0.7899634130820008
7,7.760100716628343,0.0,0.7237951284495476
8,6.918240888334651,0.0,0.6620657758825721
9,6.049999999999999,0.0,0.6094874833285702
10,5.181759111665348,0.0,0.5710291145858067
11,4.339899283371656,0.0,0.5515168682657887
12,3.55,0.0,0.5549375000000002
13,2.836061951567303,0.0,0.5836536314892938
14,2.2197777844051103,0.0,0.6378448169229444
15,1.7198729810778066,0.0,0.7154569343000928
16,1.351536896070458,0.0,0.8127760122593266
17,1.12596123493896,0.0,0.9255036748868462
18,1.05,0.0,1.05
19,1.12596123493896,0.0,1.174496325113154
20,1.351536896070458,0.0,1.2872239877406735
21,1.7198729810778066,0.0,1.3845430656999071
22,2.2197777844051103,0.0,1.4621551830770558
23,2.836061951567303,0.0,1.5163463685107064
24,3.55,0.0,1.5450624999999998
25,4.339899283371656,0.0,1.5484831317342114
26,5.181759111665348,0.0,1.5289708854141932
27,6.049999999999999,0.0,1.49051251667143
28,6.918240888334651,0.0,1.437934224117428
29,7.760100716628343,0.0,1.3762048715504525
30,8.549999999999999,0.0,1.3100365869179993
31,9.263938048432697,0.0,1.2438122986895608
32,9.880222215594891,0.0,1.1817032417552604
33,10.380127018922195,0.0,1.1277625708809065
34,10.748463103929543,0.0,1.0858228377019963
35,10.974038765061042,0.0,1.059155632748122
36,11.05,0.0,1.0499999999999998
37,11.05,0.35912115049195226,0.986677251825204
38,10.974038765061042,0.3559897396672023,0.9780737712931679
39,10.748463103929543,0.34686901840678325,0.9530147955810268
40,10.380127018922195,0.3325247848538921,0.9136043377950751
41,9.880222215594891,0.3140759888703628,0.8629166874142031
42,9.263938048432697,0.2928334403158713,0.8045532649290693
43,8.549999999999999,0.27018339976434036,0.7423227899640065
44,7.760100716628343,0.24755251357073507,0.6801449411648286
45,6.918240888334651,0.22643983155837738,0.6221383240717501
46,6.049999999999999,0.2084569964032387,0.5727308905452317
47,5.181759111665348,0.19530345961376733,0.5365918452301935
48,4.339899283371656,0.188629878330789,0.5182563313483156
49,3.55,0.18979980328678836,0.5214706737473802
50,2.836061951567303,0.1996212986945153,0.5484550106053874
51,2.2197777844051103,0.21815577570352035,0.5993780676690296
52,1.7198729810778066,0.24470068321266128,0.6723096016519058
53,1.351536896070458,0.27798576820460036,0.7637596210718862
54,1.12596123493896,0.3165408995332322,0.8696889738014097
55,1.05,0.35912115049195215,0.9866772518252039
56,1.12596123493896,0.4017014014506721,1.103665529848998
57,1.351536896070458,0.440256532779304,1.2095948825785214
58,1.7198729810778066,0.473541617771243,1.301044901998502
59,2.2197777844051103,0.500086525280384,1.3739764359813784
60,2.836061951567303,0.518621002289389,1.4248994930450205
61,3.55,0.5284424976971159,1.4518838299030274
62,4.339899283371656,0.5296124226531154,1.4550981723020922
63,5.181759111665348,0.522938841370137,1.4367626584202142
64,6.049999999999999,0.5097853045806656,1.400623613105176
65,6.918240888334651,0.49180246942552697,1.3512161795786577
66,7.760100716628343,0.47068978741316925,1.293209562485579
67,8.549999999999999,0.448058901219564,1.2310317136864013
68,9.263938048432697,0.425408860668033,1.1688012387213385
69,9.880222215594891,0.40416631211354154,1.1104378162362045
70,10.380127018922195,0.38571751613001226,1.0597501658553328
71,10.748463103929543,0.3713732825771211,1.020339708069381
72,10.974038765061042,0.362252561316702,0.9952807323572399
73,11.05,0.3591211504919521,0.9866772518252037
74,11.05,0.6749269901708664,0.8043466652749272
75,10.974038765061042,0.6690418628815331,0.79733304368499
76,10.748463103929543,0.6519005139522113,0.7769047795165597
77,10.380127018922195,0.6249421731112483,0.744777079968963
78,9.880222215594891,0.590269778215034,0.7034561287875544
79,9.263938048432697,0.5503468459683499,0.6558778308556734
80,8.549999999999999,0.5077786940347995,0.6051470828587685
81,7.760100716628343,0.46524654051884634,0.5544592361053629
82,6.918240888334651,0.4255676775348225,0.507171808594099
83,6.049999999999999,0.3917710025426361,0.46689449975442193
84,5.181759111665348,0.3670504396260316,0.4374336800876074
85,4.339899283371656,0.3545082094543723,0.4224864322213889
86,3.55,0.356706949150424,0.425106788153338
87,2.836061951567303,0.3751653226698714,0.4471046211085853
88,2.2197777844051103,0.40999874522084767,0.4886174775760634
89,1.7198729810778066,0.459886852632416,0.5480718088115258
90,1.351536896070458,0.5224423501307299,0.6226225476916595
91,1.12596123493896,0.5949022949366238,0.7089769472332618
92,1.05,0.6749269901708662,0.8043466652749269
93,1.12596123493896,0.7549516854051087,0.8997163833165922
94,1.351536896070458,0.8274116302110026,0.9860707828581944
95,1.7198729810778066,0.8899671277093164,1.060621521738328
96,2.2197777844051103,0.9398552351208849,1.1200758529737906
97,2.836061951567303,0.9746886576718612,1.1615887094412687
98,3.55,0.9931470311913084,1.1835865423965157
99,4.339899283371656,0.9953457708873602,1.186206898328465
100,5.181759111665348,0.9828035407157008,1.1712596504622463
101,6.049999999999999,0.9580829777990965,1.1417988307954319
102,6.918240888334651,0.9242863028069099,1.1015215219557548
103,7.760100716628343,0.8846074398228861,1.054234094444491
104,8.549999999999999,0.842075286306933,1.0035462476910855
105,9.263938048432697,0.7995071343733826,0.9528154996941806
106,9.880222215594891,0.7595842021266985,0.9052372017622995
107,10.380127018922195,0.7249118072304842,0.8639162505808909
108,10.748463103929543,0.6979534663895213,0.8317885510332942
109,10.974038765061042,0.6808121174601993,0.8113602868648638
110,11.05,0.6749269901708661,0.8043466652749268
111,11.05,0.9093266739736607,0.5250000000000002
112,10.974038765061042,0.9013976634260662,0.5204221836259392
113,10.748463103929543,0.8783031864880849,0.507088581149002
114,10.380127018922195,0.8419823121272076,0.48611871455954697
115,9.880222215594891,0.7952683208528417,0.45914837912236994
116,9.263938048432697,0.7414802997426435,0.42809385065521977
117,8.549999999999999,0.684128383789273,0.3949817065410005
118,7.760100716628343,0.626824968372729,0.36189756422477387
119,6.918240888334651,0.5733657808905621,0.3310328879412861
120,6.049999999999999,0.5278316438511863,0.30474374166428514
121,5.181759111665348,0.4945257195318437,0.2855145572929034
122,4.339899283371656,0.4776276185338087,0.2757584341328944
123,3.55,0.4805899725126271,0.27746875000000015
124,2.836061951567303,0.5054588718807697,0.291826815744647
125,2.2197777844051103,0.5523898151275042,0.31892240846147224
126,1.7198729810778066,0.6196038804176145,0.35772846715004647
127,1.351536896070458,0.7038846742031891,0.4063880061296634
128,1.12596123493896,0.8015096937478627,0.4627518374434232
129,1.05,0.9093266739736605,0.5250000000000001
130,1.12596123493896,1.0171436541994585,0.5872481625565771
131,1.351536896070458,1.114768673744132,0.6436119938703369
132,1.7198729810778066,1.1990494675297065,0.6922715328499537
133,2.2197777844051103,1.266263532819817,0.731077591538528
134,2.836061951567303,1.3131944760665517,0.7581731842553534
135,3.55,1.338063375434694,0.7725312500000001
136,4.339899283371656,1.3410257294135124,0.7742415658671059
137,5.181759111665348,1.3241276284154773,0.7644854427070968
138,6.049999999999999,1.290821704096135,0.7452562583357151
139,6.918240888334651,1.245287567056759,0.7189671120587141
140,7.760100716628343,1.191828379574592,0.6881024357752263
141,8.549999999999999,1.1345249641580482,0.6550182934589998
142,9.263938048432697,1.0771730482046775,0.6219061493447805
143,9.880222215594891,1.0233850270944795,0.5908516208776303
144,10.380127018922195,0.9766710358201136,0.5638812854404534
145,10.748463103929543,0.9403501614592362,0.5429114188509983
146,10.974038765061042,0.9172556845212548,0.5295778163740611
147,11.05,0.9093266739736604,0.525
148,11.05,1.0340481406628186,0.18233058655027698
149,10.974038765061042,1.0250316025487356,0.18074072760817791
150,10.748463103929543,0.9987695323589946,0.17611001606446708
151,10.380127018922195,0.9574669579651406,0.16882725782611205
152,9.880222215594891,0.9043457670853968,0.1594605586266488
153,9.263938048432697,0.8431802862842213,0.14867543407339592
154,8.549999999999999,0.7779620937991399,0.13717570710523802
155,7.760100716628343,0.7127990540895814,0.12568570505946577
156,6.918240888334651,0.6520075090931999,0.11496651547765101
157,6.049999999999999,0.6002279989458748,0.10583639079080984
158,5.181759111665348,0.562353899239799,0.09915816514258613
159,4.339899283371656,0.5431380877851614,0.09576989912692674
160,3.55,0.5465067524372124,0.09636388559404223
161,2.836061951567303,0.5747866213643867,0.10135038949680203
162,2.2197777844051103,0.6281545209243681,0.11076059009296614
163,1.7198729810778066,0.7045875358450774,0.12423779284037988
164,1.351536896070458,0.8004281183353302,0.14113707338022677
165,1.12596123493896,0.911443194469856,0.16071202656814806
166,1.05,1.0340481406628184,0.18233058655027695
167,1.12596123493896,1.156653086855781,0.2039491465324058
168,1.351536896070458,1.2676681629903066,0.22352409972032714
169,1.7198729810778066,1.3635087454805594,0.24042338026017399
170,2.2197777844051103,1.439941760401269,0.2539005830075878
171,2.836061951567303,1.4933096599612503,0.2633107836037519
172,3.55,1.5215895288884245,0.26829728750651166
173,4.339899283371656,1.5249581935404757,0.26889127397362717
174,5.181759111665348,1.5057423820858378,0.2655030079579677
175,6.049999999999999,1.4678682823797622,0.25882478230974404
176,6.918240888334651,1.416088772232437,0.24969465762290288
177,7.760100716628343,1.3552972272360555,0.23897546804108813
178,8.549999999999999,1.2901341875264971,0.22748546599531586
179,9.263938048432697,1.2249159950414157,0.21598573902715798
180,9.880222215594891,1.16375051424024,0.20520061447390509
181,10.380127018922195,1.1106293233604965,0.19583391527444186
182,10.748463103929543,1.0693267489666425,0.1885511570360868
183,10.974038765061042,1.0430646787769013,0.183920445492376
184,11.05,1.0340481406628181,0.1823305865502769
185,11.05,1.0340481406628186,-0.18233058655027687
186,10.974038765061042,1.0250316025487356,-0.18074072760817778
187,10.748463103929543,0.9987695323589946,-0.17611001606446697
188,10.380127018922195,0.9574669579651406,-0.16882725782611194
189,9.880222215594891,0.9043457670853968,-0.1594605586266487
190,9.263938048432697,0.8431802862842213,-0.1486754340733958
191,8.549999999999999,0.7779620937991399,-0.13717570710523794
192,7.760100716628343,0.7127990540895814,-0.1256857050594657
193,6.918240888334651,0.6520075090931999,-0.11496651547765094
194,6.049999999999999,0.6002279989458748,-0.10583639079080977
195,5.181759111665348,0.562353899239799,-0.09915816514258607
196,4.339899283371656,0.5431380877851614,-0.09576989912692667
197,3.55,0.5465067524372124,-0.09636388559404217
198,2.836061951567303,0.5747866213643867,-0.10135038949680196
199,2.2197777844051103,0.6281545209243681,-0.11076059009296607
200,1.7198729810778066,0.7045875358450774,-0.12423779284037981
201,1.351536896070458,0.8004281183353302,-0.14113707338022666
202,1.12596123493896,0.911443194469856,-0.16071202656814795
203,1.05,1.0340481406628184,-0.1823305865502768
204,1.12596123493896,1.156653086855781,-0.2039491465324057
205,1.351536896070458,1.2676681629903066,-0.223524099720327
206,1.7198729810778066,1.3635087454805594,-0.24042338026017382
207,2.2197777844051103,1.439941760401269,-0.2539005830075876
208,2.836061951567303,1.4933096599612503,-0.2633107836037517
209,3.55,1.5215895288884245,-0.26829728750651144
210,4.339899283371656,1.5249581935404757,-0.268891273973627
211,5.181759111665348,1.5057423820858378,-0.26550300795796755
212,6.049999999999999,1.4678682823797622,-0.2588247823097439
213,6.918240888334651,1.416088772232437,-0.24969465762290272
214,7.760100716628343,1.3552972272360555,-0.23897546804108796
215,8.549999999999999,1.2901341875264971,-0.22748546599531572
216,9.263938048432697,1.2249159950414157,-0.21598573902715784
217,9.880222215594891,1.16375051424024,-0.20520061447390495
218,10.380127018922195,1.1106293233604965,-0.19583391527444172
219,10.748463103929543,1.0693267489666425,-0.1885511570360867
220,10.974038765061042,1.0430646787769013,-0.18392044549237588
221,11.05,1.0340481406628181,-0.18233058655027679
222,11.05,0.9093266739736608,-0.5249999999999999
223,10.974038765061042,0.9013976634260663,-0.5204221836259388
224,10.748463103929543,0.878303186488085,-0.5070885811490017
225,10.380127018922195,0.8419823121272078,-0.48611871455954664
226,9.880222215594891,0.7952683208528417,-0.4591483791223696
227,9.263938048432697,0.7414802997426436,-0.4280938506552195
228,8.549999999999999,0.6841283837892731,-0.39498170654100023
229,7.760100716628343,0.6268249683727292,-0.36189756422477365
230,6.918240888334651,0.5733657808905622,-0.3310328879412859
231,6.049999999999999,0.5278316438511863,-0.304743741664285
232,5.181759111665348,0.4945257195318438,-0.28551455729290326
233,4.339899283371656,0.47762761853380875,-0.27575843413289425
234,3.55,0.48058997251262714,-0.27746875
235,2.836061951567303,0.5054588718807697,-0.2918268157446468
236,2.2197777844051103,0.5523898151275043,-0.318922408461472
237,1.7198729810778066,0.6196038804176145,-0.35772846715004625
238,1.351536896070458,0.7038846742031892,-0.40638800612966314
239,1.12596123493896,0.8015096937478629,-0.46275183744342285
240,1.05,0.9093266739736606,-0.5249999999999998
241,1.12596123493896,1.0171436541994585,-0.5872481625565767
242,1.351536896070458,1.114768673744132,-0.6436119938703364
243,1.7198729810778066,1.1990494675297068,-0.6922715328499532
244,2.2197777844051103,1.266263532819817,-0.7310775915385276
245,2.836061951567303,1.3131944760665517,-0.7581731842553528
246,3.55,1.3380633754346942,-0.7725312499999996
247,4.339899283371656,1.3410257294135126,-0.7742415658671054
248,5.181759111665348,1.3241276284154775,-0.7644854427070963
249,6.049999999999999,1.290821704096135,-0.7452562583357146
250,6.918240888334651,1.2452875670567591,-0.7189671120587137
251,7.760100716628343,1.191828379574592,-0.6881024357752259
252,8.549999999999999,1.1345249641580484,-0.6550182934589993
253,9.263938048432697,1.0771730482046777,-0.6219061493447802
254,9.880222215594891,1.0233850270944795,-0.59085162087763
255,10.380127018922195,0.9766710358201137,-0.563881285440453
256,10.748463103929543,0.9403501614592363,-0.5429114188509979
257,10.974038765061042,0.917255684521255,-0.5295778163740608
258,11.05,0.9093266739736605,-0.5249999999999997
259,11.05,0.6749269901708667,-0.804346665274927
260,10.974038765061042,0.6690418628815333,-0.7973330436849899
261,10.748463103929543,0.6519005139522115,-0.7769047795165596
262,10.380127018922195,0.6249421731112486,-0.7447770799689629
263,9.880222215594891,0.5902697782150342,-0.7034561287875543
264,9.263938048432697,0.5503468459683502,-0.6558778308556733
265,8.549999999999999,0.5077786940347997,-0.6051470828587684
266,7.760100716628343,0.4652465405188465,-0.5544592361053627
267,6.918240888334651,0.42556767753482266,-0.5071718085940989
268,6.049999999999999,0.3917710025426362,-0.4668944997544219
269,5.181759111665348,0.3670504396260318,-0.43743368008760736
270,4.339899283371656,0.3545082094543724,-0.4224864322213888
271,3.55,0.3567069491504241,-0.42510678815333797
272,2.836061951567303,0.37516532266987157,-0.44710462110858523
273,2.2197777844051103,0.4099987452208478,-0.48861747757606333
274,1.7198729810778066,0.4598868526324162,-0.5480718088115257
275,1.351536896070458,0.52244235013073,-0.6226225476916594
276,1.12596123493896,0.5949022949366239,-0.7089769472332617
277,1.05,0.6749269901708664,-0.8043466652749268
278,1.12596123493896,0.7549516854051089,-0.899716383316592
279,1.351536896070458,0.827411630211003,-0.9860707828581943
280,1.7198729810778066,0.8899671277093167,-1.060621521738328
281,2.2197777844051103,0.9398552351208852,-1.1200758529737904
282,2.836061951567303,0.9746886576718615,-1.1615887094412685
283,3.55,0.9931470311913088,-1.1835865423965157
284,4.339899283371656,0.9953457708873605,-1.1862068983284648
285,5.181759111665348,0.9828035407157011,-1.1712596504622463
286,6.049999999999999,0.9580829777990968,-1.1417988307954319
287,6.918240888334651,0.9242863028069103,-1.1015215219557546
288,7.760100716628343,0.8846074398228865,-1.0542340944444908
289,8.549999999999999,0.8420752863069333,-1.0035462476910852
290,9.263938048432697,0.7995071343733828,-0.9528154996941804
291,9.880222215594891,0.7595842021266987,-0.9052372017622994
292,10.380127018922195,0.7249118072304844,-0.8639162505808908
293,10.748463103929543,0.6979534663895215,-0.8317885510332941
294,10.974038765061042,0.6808121174601995,-0.8113602868648637
295,11.05,0.6749269901708663,-0.8043466652749267
296,11.05,0.3591211504919524,-0.9866772518252039
297,10.974038765061042,0.3559897396672025,-0.9780737712931677
298,10.748463103929543,0.3468690184067834,-0.9530147955810266
299,10.380127018922195,0.33252478485389225,-0.913604337795075
300,9.880222215594891,0.314075988870363,-0.862916687414203
301,9.263938048432697,0.29283344031587144,-0.8045532649290692
302,8.549999999999999,0.27018339976434047,-0.7423227899640065
303,7.760100716628343,0.2475525135707352,-0.6801449411648286
304,6.918240888334651,0.2264398315583775,-0.62213832407175
305,6.049999999999999,0.20845699640323878,-0.5727308905452317
306,5.181759111665348,0.1953034596137674,-0.5365918452301934
307,4.339899283371656,0.1886298783307891,-0.5182563313483155
308,3.55,0.18979980328678844,-0.5214706737473802
309,2.836061951567303,0.1996212986945154,-0.5484550106053873
310,2.2197777844051103,0.21815577570352046,-0.5993780676690295
311,1.7198729810778066,0.24470068321266142,-0.6723096016519057
312,1.351536896070458,0.27798576820460047,-0.7637596210718862
313,1.12596123493896,0.3165408995332324,-0.8696889738014097
314,1.05,0.3591211504919523,-0.9866772518252038
315,1.12596123493896,0.4017014014506723,-1.103665529848998
316,1.351536896070458,0.4402565327793042,-1.2095948825785214
317,1.7198729810778066,0.4735416177712432,-1.3010449019985018
318,2.2197777844051103,0.5000865252803842,-1.3739764359813782
319,2.836061951567303,0.5186210022893893,-1.4248994930450203
320,3.55,0.5284424976971162,-1.4518838299030272
321,4.339899283371656,0.5296124226531156,-1.455098172302092
322,5.181759111665348,0.5229388413701372,-1.436762658420214
323,6.049999999999999,0.5097853045806658,-1.400623613105176
324,6.918240888334651,0.4918024694255272,-1.3512161795786575
325,7.760100716628343,0.47068978741316947,-1.293209562485579
326,8.549999999999999,0.4480589012195642,-1.231031713686401
327,9.263938048432697,0.42540886066803324,-1.1688012387213385
328,9.880222215594891,0.4041663121135417,-1.1104378162362045
329,10.380127018922195,0.3857175161300124,-1.0597501658553328
330,10.748463103929543,0.37137328257712127,-1.0203397080693808
331,10.974038765061042,0.3622525613167022,-0.9952807323572398
332,11.05,0.35912115049195226,-0.9866772518252036
333,11.05,1.2858791391047212e-16,-1.0500000000000003
334,10.974038765061042,1.2746667227655647e-16,-1.0408443672518781
335,10.748463103929543,1.2420088155765961e-16,-1.0141771622980038
336,10.380127018922195,1.1906474555819498e-16,-0.9722374291190937
337,9.880222215594891,1.1245891856518114e-16,-0.9182967582447397
338,9.263938048432697,1.0485275278791597e-16,-0.8561877013104393
339,8.549999999999999,9.674261652743907e-17,-0.7899634130820008
340,7.760100716628343,8.863933872941859e-17,-0.7237951284495476
341,6.918240888334651,8.107967332596008e-17,-0.6620657758825721
342,6.049999999999999,7.464068955787093e-17,-0.6094874833285702
343,5.181759111665348,6.993089773974554e-17,-0.5710291145858067
344,4.339899283371656,6.754133673974706e-17,-0.5515168682657887
345,3.55,6.796024331018345e-17,-0.5549375000000002
346,2.836061951567303,7.147695516140925e-17,-0.5836536314892938
347,2.2197777844051103,7.811346133974133e-17,-0.6378448169229444
348,1.7198729810778066,8.761820445183869e-17,-0.7154569343000928
349,1.351536896070458,9.953635418371342e-17,-0.8127760122593266
350,1.12596123493896,1.1334151130492889e-16,-0.9255036748868462
351,1.05,1.285879139104721e-16,-1.05
352,1.12596123493896,1.438343165160153e-16,-1.174496325113154
353,1.351536896070458,1.5763947363723076e-16,-1.2872239877406735
354,1.7198729810778066,1.6955762336910549e-16,-1.3845430656999071
355,2.2197777844051103,1.7906236648120287e-16,-1.4621551830770558
356,2.836061951567303,1.8569887265953494e-16,-1.5163463685107064
357,3.55,1.8921558451076072e-16,-1.5450624999999998
358,4.339899283371656,1.8963449108119712e-16,-1.5484831317342114
359,5.181759111665348,1.8724493008119862e-16,-1.5289708854141932
360,6.049999999999999,1.8253513826307326e-16,-1.49051251667143
361,6.918240888334651,1.760961544949841e-16,-1.437934224117428
362,7.760100716628343,1.685364890915256e-16,-1.3762048715504525
363,8.549999999999999,1.6043321129350513e-16,-1.3100365869179993
364,9.263938048432697,1.5232307503302822e-16,-1.2438122986895608
365,9.880222215594891,1.4471690925576306e-16,-1.1817032417552604
366,10.380127018922195,1.381110822627492e-16,-1.1277625708809065
367,10.748463103929543,1.3297494626328458e-16,-1.0858228377019963
368,10.974038765061042,1.297091555443877e-16,-1.059155632748122
369,11.05,1.2858791391047207e-16,-1.0499999999999998
370,11.05,-0.3591211504919522,-0.986677251825204
371,10.974038765061042,-0.35598973966720227,-0.9780737712931679
372,10.748463103929543,-0.3468690184067832,-0.9530147955810268
373,10.380127018922195,-0.33252478485389203,-0.9136043377950751
374,9.880222215594891,-0.31407598887036275,-0.8629166874142031
375,9.263938048432697,-0.2928334403158712,-0.8045532649290693
376,8.549999999999999,-0.2701833997643403,-0.7423227899640065
377,7.760100716628343,-0.24755251357073504,-0.6801449411648286
378,6.918240888334651,-0.22643983155837732,-0.6221383240717501
379,6.049999999999999,-0.20845699640323864,-0.5727308905452317
380,5.181759111665348,-0.1953034596137673,-0.5365918452301935
381,4.339899283371656,-0.18862987833078898,-0.5182563313483156
382,3.55,-0.1897998032867883,-0.5214706737473802
383,2.836061951567303,-0.19962129869451528,-0.5484550106053874
384,2.2197777844051103,-0.21815577570352032,-0.5993780676690296
385,1.7198729810778066,-0.24470068321266125,-0.6723096016519058
386,1.351536896070458,-0.2779857682046003,-0.7637596210718862
387,1.12596123493896,-0.31654089953323217,-0.8696889738014097
388,1.05,-0.3591211504919521,-0.9866772518252039
389,1.12596123493896,-0.40170140145067207,-1.103665529848998
390,1.351536896070458,-0.4402565327793039,-1.2095948825785214
391,1.7198729810778066,-0.47354161777124293,-1.301044901998502
392,2.2197777844051103,-0.5000865252803839,-1.3739764359813784
393,2.836061951567303,-0.518621002289389,-1.4248994930450205
394,3.55,-0.5284424976971158,-1.4518838299030274
395,4.339899283371656,-0.5296124226531153,-1.4550981723020922
396,5.181759111665348,-0.5229388413701369,-1.4367626584202142
397,6.049999999999999,-0.5097853045806655,-1.400623613105176
398,6.918240888334651,-0.49180246942552686,-1.3512161795786577
399,7.760100716628343,-0.4706897874131692,-1.293209562485579
400,8.549999999999999,-0.4480589012195639,-1.2310317136864013
401,9.263938048432697,-0.42540886066803296,-1.1688012387213385
402,9.880222215594891,-0.4041663121135414,-1.1104378162362045
403,10.380127018922195,-0.3857175161300122,-1.0597501658553328
404,10.748463103929543,-0.37137328257712104,-1.020339708069381
405,10.974038765061042,-0.36225256131670197,-0.9952807323572399
406,11.05,-0.35912115049195203,-0.9866772518252037
407,11.05,-0.6749269901708664,-0.8043466652749272
408,10.974038765061042,-0.6690418628815331,-0.79733304368499
409,10.748463103929543,-0.6519005139522113,-0.7769047795165597
410,10.380127018922195,-0.6249421731112483,-0.744777079968963
411,9.880222215594891,-0.590269778215034,-0.7034561287875544
412,9.263938048432697,-0.5503468459683499,-0.6558778308556734
413,8.549999999999999,-0.5077786940347995,-0.6051470828587685
414,7.760100716628343,-0.46524654051884634,-0.5544592361053629
415,6.918240888334651,-0.4255676775348225,-0.507171808594099
416,6.049999999999999,-0.3917710025426361,-0.46689449975442193
417,5.181759111665348,-0.3670504396260316,-0.4374336800876074
418,4.339899283371656,-0.3545082094543723,-0.4224864322213889
419,3.55,-0.356706949150424,-0.425106788153338
420,2.836061951567303,-0.3751653226698714,-0.4471046211085853
421,2.2197777844051103,-0.40999874522084767,-0.4886174775760634
422,1.7198729810778066,-0.459886852632416,-0.5480718088115258
423,1.351536896070458,-0.5224423501307299,-0.6226225476916595
424,1.12596123493896,-0.5949022949366238,-0.7089769472332618
425,1.05,-0.6749269901708662,-0.8043466652749269
426,1.12596123493896,-0.7549516854051087,-0.8997163833165922
427,1.351536896070458,-0.8274116302110026,-0.9860707828581944
428,1.7198729810778066,-0.8899671277093164,-1.060621521738328
429,2.2197777844051103,-0.9398552351208849,-1.1200758529737906
430,2.836061951567303,-0.9746886576718612,-1.1615887094412687
431,3.55,-0.9931470311913084,-1.1835865423965157
432,4.339899283371656,-0.9953457708873602,-1.186206898328465
433,5.181759111665348,-0.9828035407157008,-1.1712596504622463
434,6.049999999999999,-0.9580829777990965,-1.1417988307954319
435,6.918240888334651,-0.9242863028069099,-1.1015215219557548
436,7.760100716628343,-0.8846074398228861,-1.054234094444491
437,8.549999999999999,-0.842075286306933,-1.0035462476910855
438,9.263938048432697,-0.7995071343733826,-0.9528154996941806
439,9.880222215594891,-0.7595842021266985,-0.9052372017622995
440,10.380127018922195,-0.7249118072304842,-0.8639162505808909
441,10.748463103929543,-0.6979534663895213,-0.8317885510332942
442,10.974038765061042,-0.6808121174601993,-0.8113602868648638
443,11.05,-0.6749269901708661,-0.8043466652749268
444,11.05,-0.9093266739736605,-0.5250000000000006
445,10.974038765061042,-0.901397663426066,-0.5204221836259395
446,10.748463103929543,-0.8783031864880846,-0.5070885811490023
447,10.380127018922195,-0.8419823121272074,-0.4861187145595473
448,9.880222215594891,-0.7952683208528415,-0.4591483791223702
449,9.263938048432697,-0.7414802997426433,-0.42809385065522004
450,8.549999999999999,-0.6841283837892729,-0.39498170654100073
451,7.760100716628343,-0.6268249683727289,-0.36189756422477415
452,6.918240888334651,-0.573365780890562,-0.3310328879412863
453,6.049999999999999,-0.5278316438511861,-0.30474374166428536
454,5.181759111665348,-0.4945257195318436,-0.28551455729290365
455,4.339899283371656,-0.4776276185338086,-0.2757584341328946
456,3.55,-0.4805899725126269,-0.2774687500000003
457,2.836061951567303,-0.5054588718807694,-0.2918268157446472
458,2.2197777844051103,-0.5523898151275041,-0.31892240846147246
459,1.7198729810778066,-0.6196038804176143,-0.35772846715004675
460,1.351536896070458,-0.703884674203189,-0.4063880061296637
461,1.12596123493896,-0.8015096937478625,-0.46275183744342346
462,1.05,-0.9093266739736603,-0.5250000000000005
463,1.12596123493896,-1.017143654199458,-0.5872481625565775
464,1.351536896070458,-1.1147686737441318,-0.6436119938703373
465,1.7198729810778066,-1.1990494675297063,-0.6922715328499542
466,2.2197777844051103,-1.2662635328198166,-0.7310775915385286
467,2.836061951567303,-1.3131944760665513,-0.7581731842553538
468,3.55,-1.3380633754346936,-0.7725312500000006
469,4.339899283371656,-1.3410257294135122,-0.7742415658671064
470,5.181759111665348,-1.324127628415477,-0.7644854427070973
471,6.049999999999999,-1.2908217040961345,-0.7452562583357156
472,6.918240888334651,-1.2452875670567587,-0.7189671120587147
473,7.760100716628343,-1.1918283795745916,-0.6881024357752269
474,8.549999999999999,-1.134524964158048,-0.6550182934590002
475,9.263938048432697,-1.0771730482046773,-0.621906149344781
476,9.880222215594891,-1.0233850270944793,-0.5908516208776308
477,10.380127018922195,-0.9766710358201134,-0.5638812854404538
478,10.748463103929543,-0.940350161459236,-0.5429114188509986
479,10.974038765061042,-0.9172556845212546,-0.5295778163740614
480,11.05,-0.9093266739736602,-0.5250000000000004
481,11.05,-1.0340481406628186,-0.1823305865502769
482,10.974038765061042,-1.0250316025487356,-0.1807407276081778
483,10.748463103929543,-0.9987695323589946,-0.176110016064467
484,10.380127018922195,-0.9574669579651406,-0.16882725782611196
485,9.880222215594891,-0.9043457670853968,-0.15946055862664874
486,9.263938048432697,-0.8431802862842213,-0.14867543407339584
487,8.549999999999999,-0.7779620937991399,-0.13717570710523794
488,7.760100716628343,-0.7127990540895814,-0.12568570505946572
489,6.918240888334651,-0.6520075090931999,-0.11496651547765095
490,6.049999999999999,-0.6002279989458748,-0.1058363907908098
491,5.181759111665348,-0.562353899239799,-0.09915816514258609
492,4.339899283371656,-0.5431380877851614,-0.09576989912692668
493,3.55,-0.5465067524372124,-0.09636388559404219
494,2.836061951567303,-0.5747866213643867,-0.10135038949680197
495,2.2197777844051103,-0.6281545209243681,-0.1107605900929661
496,1.7198729810778066,-0.7045875358450774,-0.12423779284037982
497,1.351536896070458,-0.8004281183353302,-0.14113707338022669
498,1.12596123493896,-0.911443194469856,-0.16071202656814798
499,1.05,-1.0340481406628184,-0.18233058655027687
500,1.12596123493896,-1.156653086855781,-0.20394914653240573
501,1.351536896070458,-1.2676681629903066,-0.22352409972032702
502,1.7198729810778066,-1.3635087454805594,-0.24042338026017387
503,2.2197777844051103,-1.439941760401269,-0.2539005830075876
504,2.836061951567303,-1.4933096599612503,-0.26331078360375176
505,3.55,-1.5215895288884245,-0.2682972875065115
506,4.339899283371656,-1.5249581935404757,-0.268891273973627
507,5.181759111665348,-1.5057423820858378,-0.2655030079579676
508,6.049999999999999,-1.4678682823797622,-0.25882478230974393
509,6.918240888334651,-1.416088772232437,-0.24969465762290274
510,7.760100716628343,-1.3552972272360555,-0.238975468041088
511,8.549999999999999,-1.2901341875264971,-0.22748546599531577
512,9.263938048432697,-1.2249159950414157,-0.21598573902715787
513,9.880222215594891,-1.16375051424024,-0.20520061447390497
514,10.380127018922195,-1.1106293233604965,-0.19583391527444177
515,10.748463103929543,-1.0693267489666425,-0.18855115703608671
516,10.974038765061042,-1.0430646787769013,-0.1839204454923759
517,11.05,-1.0340481406628181,-0.1823305865502768
518,11.05,-1.0340481406628188,0.1823305865502765
519,10.974038765061042,-1.0250316025487356,0.18074072760817744
520,10.748463103929543,-0.9987695323589947,0.17611001606446663
521,10.380127018922195,-0.9574669579651407,0.16882725782611163
522,9.880222215594891,-0.9043457670853969,0.1594605586266484
523,9.263938048432697,-0.8431802862842214,0.14867543407339553
524,8.549999999999999,-0.7779620937991399,0.13717570710523766
525,7.760100716628343,-0.7127990540895816,0.12568570505946544
526,6.918240888334651,-0.6520075090932,0.11496651547765072
527,6.049999999999999,-0.6002279989458749,0.10583639079080957
528,5.181759111665348,-0.5623538992397991,0.09915816514258588
529,4.339899283371656,-0.5431380877851614,0.09576989912692649
530,3.55,-0.5465067524372125,0.09636388559404198
531,2.836061951567303,-0.5747866213643869,0.10135038949680177
532,2.2197777844051103,-0.6281545209243681,0.11076059009296586
533,1.7198729810778066,-0.7045875358450774,0.12423779284037956
534,1.351536896070458,-0.8004281183353303,0.1411370733802264
535,1.12596123493896,-0.9114431944698561,0.16071202656814765
536,1.05,-1.0340481406628186,0.18233058655027648
537,1.12596123493896,-1.156653086855781,0.2039491465324053
538,1.351536896070458,-1.2676681629903068,0.22352409972032655
539,1.7198729810778066,-1.3635087454805597,0.24042338026017337
540,2.2197777844051103,-1.4399417604012692,0.2539005830075871
541,2.836061951567303,-1.4933096599612505,0.2633107836037512
542,3.55,-1.5215895288884247,0.26829728750651094
543,4.339899283371656,-1.5249581935404757,0.26889127397362644
544,5.181759111665348,-1.505742382085838,0.26550300795796705
545,6.049999999999999,-1.4678682823797624,0.2588247823097434
546,6.918240888334651,-1.4160887722324371,0.24969465762290224
547,7.760100716628343,-1.3552972272360555,0.23897546804108752
548,8.549999999999999,-1.2901341875264971,0.2274854659953153
549,9.263938048432697,-1.224915995041416,0.21598573902715743
550,9.880222215594891,-1.1637505142402402,0.20520061447390456
551,10.380127018922195,-1.1106293233604967,0.19583391527444136
552,10.748463103929543,-1.0693267489666425,0.18855115703608633
553,10.974038765061042,-1.0430646787769016,0.18392044549237552
554,11.05,-1.0340481406628184,0.18233058655027642
555,11.05,-0.9093266739736607,0.5250000000000002
556,10.974038765061042,-0.9013976634260662,0.5204221836259392
557,10.748463103929543,-0.8783031864880849,0.507088581149002
558,10.380127018922195,-0.8419823121272076,0.48611871455954697
559,9.880222215594891,-0.7952683208528417,0.45914837912236994
560,9.263938048432697,-0.7414802997426435,0.42809385065521977
561,8.549999999999999,-0.684128383789273,0.3949817065410005
562,7.760100716628343,-0.626824968372729,0.36189756422477387
563,6.918240888334651,-0.5733657808905621,0.3310328879412861
564,6.049999999999999,-0.5278316438511863,0.30474374166428514
565,5.181759111665348,-0.4945257195318437,0.2855145572929034
566,4.339899283371656,-0.4776276185338087,0.2757584341328944
567,3.55,-0.4805899725126271,0.27746875000000015
568,2.836061951567303,-0.5054588718807697,0.291826815744647
569,2.2197777844051103,-0.5523898151275042,0.31892240846147224
570,1.7198729810778066,-0.6196038804176145,0.35772846715004647
571,1.351536896070458,-0.7038846742031891,0.4063880061296634
572,1.12596123493896,-0.8015096937478627,0.4627518374434232
573,1.05,-0.9093266739736605,0.5250000000000001
574,1.12596123493896,-1.0171436541994585,0.5872481625565771
575,1.351536896070458,-1.114768673744132,0.6436119938703369
576,1.7198729810778066,-1.1990494675297065,0.6922715328499537
577,2.2197777844051103,-1.266263532819817,0.731077591538528
578,2.836061951567303,-1.3131944760665517,0.7581731842553534
579,3.55,-1.338063375434694,0.7725312500000001
580,4.339899283371656,-1.3410257294135124,0.7742415658671059
581,5.181759111665348,-1.3241276284154773,0.7644854427070968
582,6.049999999999999,-1.290821704096135,0.7452562583357151
583,6.918240888334651,-1.245287567056759,0.7189671120587141
584,7.760100716628343,-1.191828379574592,0.6881024357752263
585,8.549999999999999,-1.1345249641580482,0.6550182934589998
586,9.263938048432697,-1.0771730482046775,0.6219061493447805
587,9.880222215594891,-1.0233850270944795,0.5908516208776303
588,10.380127018922195,-0.9766710358201136,0.5638812854404534
589,10.748463103929543,-0.9403501614592362,0.5429114188509983
590,10.974038765061042,-0.9172556845212548,0.5295778163740611
591,11.05,-0.9093266739736604,0.525
592,11.05,-0.6749269901708668,0.8043466652749269
593,10.974038765061042,-0.6690418628815334,0.7973330436849898
594,10.748463103929543,-0.6519005139522116,0.7769047795165595
595,10.380127018922195,-0.6249421731112487,0.7447770799689628
596,9.880222215594891,-0.5902697782150343,0.7034561287875541
597,9.263938048432697,-0.5503468459683502,0.6558778308556732
598,8.549999999999999,-0.5077786940347998,0.6051470828587683
599,7.760100716628343,-0.4652465405188466,0.5544592361053627
600,6.918240888334651,-0.4255676775348227,0.5071718085940989
601,6.049999999999999,-0.39177100254263625,0.4668944997544218
602,5.181759111665348,-0.36705043962603184,0.4374336800876073
603,4.339899283371656,-0.35450820945437245,0.42248643222138876
604,3.55,-0.35670694915042417,0.4251067881533379
605,2.836061951567303,-0.3751653226698716,0.4471046211085852
606,2.2197777844051103,-0.40999874522084784,0.4886174775760633
607,1.7198729810778066,-0.45988685263241624,0.5480718088115257
608,1.351536896070458,-0.5224423501307301,0.6226225476916594
609,1.12596123493896,-0.594902294936624,0.7089769472332615
610,1.05,-0.6749269901708665,0.8043466652749267
611,1.12596123493896,-0.754951685405109,0.8997163833165919
612,1.351536896070458,-0.8274116302110031,0.9860707828581942
613,1.7198729810778066,-0.8899671277093169,1.0606215217383277
614,2.2197777844051103,-0.9398552351208854,1.1200758529737902
615,2.836061951567303,-0.9746886576718616,1.1615887094412682
616,3.55,-0.993147031191309,1.1835865423965155
617,4.339899283371656,-0.9953457708873608,1.1862068983284646
618,5.181759111665348,-0.9828035407157013,1.1712596504622461
619,6.049999999999999,-0.9580829777990969,1.1417988307954317
620,6.918240888334651,-0.9242863028069105,1.1015215219557546
621,7.760100716628343,-0.8846074398228866,1.0542340944444908
622,8.549999999999999,-0.8420752863069334,1.003546247691085
623,9.263938048432697,-0.7995071343733829,0.9528154996941802
624,9.880222215594891,-0.7595842021266989,0.9052372017622993
625,10.380127018922195,-0.7249118072304845,0.8639162505808907
626,10.748463103929543,-0.6979534663895216,0.831788551033294
627,10.974038765061042,-0.6808121174601997,0.8113602868648636
628,11.05,-0.6749269901708664,0.8043466652749266
629,11.05,-0.359121150491953,0.9866772518252037
630,10.974038765061042,-0.35598973966720304,0.9780737712931675
631,10.748463103929543,-0.34686901840678397,0.9530147955810264
632,10.380127018922195,-0.3325247848538928,0.9136043377950748
633,9.880222215594891,-0.3140759888703635,0.8629166874142029
634,9.263938048432697,-0.2928334403158719,0.804553264929069
635,8.549999999999999,-0.2701833997643409,0.7423227899640062
636,7.760100716628343,-0.2475525135707356,0.6801449411648284
637,6.918240888334651,-0.22643983155837785,0.6221383240717498
638,6.049999999999999,-0.20845699640323914,0.5727308905452315
639,5.181759111665348,-0.19530345961376774,0.5365918452301933
640,4.339899283371656,-0.1886298783307894,0.5182563313483154
641,3.55,-0.18979980328678875,0.5214706737473801
642,2.836061951567303,-0.19962129869451573,0.5484550106053871
643,2.2197777844051103,-0.21815577570352082,0.5993780676690293
644,1.7198729810778066,-0.2447006832126618,0.6723096016519055
645,1.351536896070458,-0.27798576820460097,0.763759621071886
646,1.12596123493896,-0.3165408995332329,0.8696889738014095
647,1.05,-0.3591211504919529,0.9866772518252035
648,1.12596123493896,-0.40170140145067296,1.1036655298489977
649,1.351536896070458,-0.4402565327793049,1.209594882578521
650,1.7198729810778066,-0.473541617771244,1.3010449019985015
651,2.2197777844051103,-0.5000865252803851,1.3739764359813778
652,2.836061951567303,-0.5186210022893901,1.42489949304502
653,3.55,-0.528442497697117,1.451883829903027
654,4.339899283371656,-0.5296124226531165,1.4550981723020917
655,5.181759111665348,-0.522938841370138,1.4367626584202136
656,6.049999999999999,-0.5097853045806667,1.4006236131051755
657,6.918240888334651,-0.491802469425528,1.3512161795786573
658,7.760100716628343,-0.47068978741317025,1.2932095624855786
659,8.549999999999999,-0.44805890121956493,1.2310317136864009
660,9.263938048432697,-0.42540886066803396,1.168801238721338
661,9.880222215594891,-0.40416631211354237,1.1104378162362043
662,10.380127018922195,-0.3857175161300131,1.0597501658553325
663,10.748463103929543,-0.3713732825771219,1.0203397080693806
664,10.974038765061042,-0.36225256131670275,0.9952807323572395
665,11.05,-0.35912115049195287,0.9866772518252034
666,11.05,-2.5717582782094424e-16,1.0500000000000003
667,10.974038765061042,-2.5493334455311293e-16,1.0408443672518781
668,10.748463103929543,-2.4840176311531923e-16,1.0141771622980038
669,10.380127018922195,-2.3812949111638997e-16,0.9722374291190937
670,9.880222215594891,-2.2491783713036227e-16,0.9182967582447397
671,9.263938048432697,-2.0970550557583193e-16,0.8561877013104393
672,8.549999999999999,-1.9348523305487814e-16,0.7899634130820008
673,7.760100716628343,-1.7727867745883717e-16,0.7237951284495476
674,6.918240888334651,-1.6215934665192017e-16,0.6620657758825721
675,6.049999999999999,-1.4928137911574185e-16,0.6094874833285702
676,5.181759111665348,-1.3986179547949107e-16,0.5710291145858067
677,4.339899283371656,-1.3508267347949413e-16,0.5515168682657887
678,3.55,-1.359204866203669e-16,0.5549375000000002
679,2.836061951567303,-1.429539103228185e-16,0.5836536314892938
680,2.2197777844051103,-1.5622692267948266e-16,0.6378448169229444
681,1.7198729810778066,-1.7523640890367737e-16,0.7154569343000928
682,1.351536896070458,-1.9907270836742685e-16,0.8127760122593266
683,1.12596123493896,-2.2668302260985777e-16,0.9255036748868462
684,1.05,-2.571758278209442e-16,1.05
685,1.12596123493896,-2.876686330320306e-16,1.174496325113154
686,1.351536896070458,-3.152789472744615e-16,1.2872239877406735
687,1.7198729810778066,-3.3911524673821097e-16,1.3845430656999071
688,2.2197777844051103,-3.5812473296240573e-16,1.4621551830770558
689,2.836061951567303,-3.7139774531906987e-16,1.5163463685107064
690,3.55,-3.7843116902152144e-16,1.5450624999999998
691,4.339899283371656,-3.7926898216239424e-16,1.5484831317342114
692,5.181759111665348,-3.7448986016239725e-16,1.5289708854141932
693,6.049999999999999,-3.650702765261465e-16,1.49051251667143
694,6.918240888334651,-3.521923089899682e-16,1.437934224117428
695,7.760100716628343,-3.370729781830512e-16,1.3762048715504525
696,8.549999999999999,-3.2086642258701025e-16,1.3100365869179993
697,9.263938048432697,-3.0464615006605643e-16,1.2438122986895608
698,9.880222215594891,-2.894338185115261e-16,1.1817032417552604
699,10.380127018922195,-2.762221645254984e-16,1.1277625708809065
700,10.748463103929543,-2.6594989252656916e-16,1.0858228377019963
701,10.974038765061042,-2.594183110887754e-16,1.059155632748122
702,11.05,-2.5717582782094415e-16,1.0499999999999998
# SurfPanels,P1,P2,P3,P4
0,0,37,38,1
1,1,38,39,2
2,2,39,40,3
3,3,40,41,4
4,4,41,42,5
5,5,42,43,6
6,6,43,44,7
7,7,44,45,8
8,8,45,46,9
9,9,46,47,10
10,10,47,48,11
11,11,48,49,12
12,12,49,50,13
13,13,50,51,14
14,14,51,52,15
15,15,52,53,16
16,16,53,54,17
17,17,54,55,18
18,18,55,56,19
19,19,56,57,20
20,20,57,58,21
21,21,58,59,22
22,22,59,60,23
23,23,60,61,24
24,24,61,62,25
25,25,62,63,26
26,26,63,64,27
27,27,64,65,28
28,28,65,66,29
29,29,66,67,30
30,30,67,68,31
31,31,68,69,32
32,32,69,70,33
33,33,70,71,34
34,34,71,72,35
35,35,72,73,36
36,37,74,75,38
37,38,75,76,39
38,39,76,77,40
39,40,77,78,41
40,41,78,79,42
41,42,79,80,43
42,43,80,81,44
43,44,81,82,45
44,45,82,83,46
45,46,83,84,47
46,47,84,85,48
47,48,85,86,49
48,49,86,87,50
49,50,87,88,51
50,51,88,89,52
51,52,89,90,53
52,53,90,91,54
53,54,91,92,55
54,55,92,93,56
55,56,93,94,57
56,57,94,95,58
57,58,95,96,59
58,59,96,97,60
59,60,97,98,61
60,61,98,99,62
61,62,99,100,63
62,63,100,101,64
63,64,101,102,65
64,65,102,103,66
65,66,103,104,67
66,67,104,105,68
67,68,105,106,69
68,69,106,107,70
69,70,107,108,71
70,71,108,109,72
71,72,109,110,73
72,74,111,112,75
73,75,112,113,76
74,76,113,114,77
75,77,114,115,78
76,78,115,116,79
77,79,116,117,80
78,80,117,118,81
79,81,118,119,82
80,82,119,120,83
81,83,120,121,84
82,84,121,122,85
83,85,122,123,86
84,86,123,124,87
85,87,124,125,88
86,88,125,126,89
87,89,126,127,90
88,90,127,128,91
89,91,128,129,92
90,92,129,130,93
91,93,130,131,94
92,94,131,132,95
93,95,132,133,96
94,96,133,134,97
95,97,134,135,98
96,98,135,136,99
97,99,136,137,100
98,100,137,138,101
99,101,138,139,102
100,102,139,140,103
101,103,140,141,104
102,104,141,142,105
103,105,142,143,106
104,106,143,144,107
105,107,144,145,108
106,108,145,146,109
107,109,146,147,110
108,111,148,149,112
109,112,149,150,113
110,113,150,151,114
111,114,151,152,115
112,115,152,153,116
113,116,153,154,117
114,117,154,155,118
115,118,155,156,119
116,119,156,157,120
117,120,157,158,121
118,121,158,159,122
119,122,159,160,123
120,123,160,161,124
121,124,161,162,125
122,125,162,163,126
123,126,163,164,127
124,127,164,165,128
125,128,165,166,129
126,129,166,167,130
127,130,167,168,131
128,131,168,169,132
129,132,169,170,133
130,133,170,171,134
131,134,171,172,135
132,135,172,173,136
133,136,173,174,137
134,137,174,175,138
135,138,175,176,139
136,139,176,177,140
137,140,177,178,141
138,141,178,179,142
139,142,179,180,143
140,143,180,181,144
141,144,181,182,145
142,145,182,183,146
143,146,183,184,147
144,148,185,186,149
145,149,186,187,150
146,150,187,188,151
147,151,188,189,152
148,152,189,190,153
149,153,190,191,154
150,154,191,192,155
151,155,192,193,156
152,156,193,194,157
153,157,194,195,158
154,158,195,196,159
155,159,196,197,160
156,160,197,198,161
157,161,198,199,162
158,162,199,200,163
159,163,200,201,164
160,164,201,202,165
161,165,202,203,166
162,166,203,204,167
163,167,204,205,168
164,168,205,206,169
165,169,206,207,170
166,170,207,208,171
167,171,208,209,172
168,172,209,210,173
169,173,210,211,174
170,174,211,212,175
171,175,212,213,176
172,176,213,214,177
173,177,214,215,178
174,178,215,216,179
175,179,216,217,180
176,180,217,218,181
177,181,218,219,182
178,182,219,220,183
179,183,220,221,184
180,185,222,223,186
181,186,223,224,187
182,187,224,225,188
183,188,225,226,189
184,189,226,227,190
185,190,227,228,191
186,191,228,229,192
187,192,229,230,193
188,193,230,231,194
189,194,231,232,195
190,195,232,233,196
191,196,233,234,197
192,197,234,235,198
193,198,235,236,199
194,199,236,237,200
195,200,237,238,201
196,201,238,239,202
197,202,239,240,203
198,203,240,241,204
199,204,241,242,205
200,205,242,243,206
201,206,243,244,207
202,207,244,245,208
203,208,245,246,209
204,209,246,247,210
205,210,247,248,211
206,211,248,249,212
207,212,249,250,213
208,213,250,251,214
209,214,251,252,215
210,215,252,253,216
211,216,253,254,217
212,217,254,255,218
213,218,255,256,219
214,219,256,257,220
215,220,257,258,221
216,222,259,260,223
217,223,260,261,224
218,224,261,262,225
219,225,262,263,226
220,226,263,264,227
221,227,264,265,228
222,228,265,266,229
223,229,266,267,230
224,230,267,268,231
225,231,268,269,232
226,232,269,270,233
227,233,270,271,234
228,234,271,272,235
229,235,272,273,236
230,236,273,274,237
231,237,274,275,238
232,238,275,276,239
233,239,276,277,240
234,240,277,278,241
235,241,278,279,242
236,242,279,280,243
237,243,280,281,244
238,244,281,282,245
239,245,282,283,246
240,246,283,284,247
241,247,284,285,248
242,248,285,286,249
243,249,286,287,250
244,250,287,288,251
245,251,288,289,252
246,252,289,290,253
247,253,290,291,254
248,254,291,292,255
249,255,292,293,256
250,256,293,294,257
251,257,294,295,258
252,259,296,297,260
253,260,297,298,261
254,261,298,299,262
255,262,299,300,263
256,263,300,301,264
257,264,301,302,265
258,265,302,303,266
259,266,303,304,267
260,267,304,305,268
261,268,305,306,269
262,269,306,307,270
263,270,307,308,271
264,271,308,309,272
265,272,309,310,273
266,273,310,311,274
267,274,311,312,275
268,275,312,313,276
269,276,313,314,277
270,277,314,315,278
271,278,315,316,279
272,279,316,317,280
273,280,317,318,281
274,281,318,319,282
275,282,319,320,283
276,283,320,321,284
277,284,321,322,285
278,285,322,323,286
279,286,323,324,287
280,287,324,325,288
281,288,325,326,289
282,289,326,327,290
283,290,327,328,291
284,291,328,329,292
285,292,329,330,293
286,293,330,331,294
287,294,331,332,295
288,296,333,334,297
289,297,334,335,298
290,298,335,336,299
291,299,336,337,300
292,300,337,338,301
293,301,338,339,302
294,302,339,340,303
295,303,340,341,304
296,304,341,342,305
297,305,342,343,306
298,306,343,344,307
299,307,344,345,308
300,308,345,346,309
301,309,346,347,310
302,310,347,348,311
303,311,348,349,312
304,312,349,350,313
305,313,350,351,314
306,314,351,352,315
307,315,352,353,316
308,316,353,354,317
309,317,354,355,318
310,318,355,356,319
311,319,356,357,320
312,320,357,358,321
313,321,358,359,322
314,322,359,360,323
315,323,360,361,324
316,324,361,362,325
317,325,362,363,326
318,326,363,364,327
319,327,364,365,328
320,328,365,366,329
321,329,366,367,330
322,330,367,368,331
323,331,368,369,332
324,333,370,371,334
325,334,371,372,335
326,335,372,373,336
327,336,373,374,337
328,337,374,375,338
329,338,375,376,339
330,339,376,377,340
331,340,377,378,341
332,341,378,379,342
333,342,379,380,343
334,343,380,381,344
335,344,381,382,345
336,345,382,383,346
337,346,383,384,347
338,347,384,385,348
339,348,385,386,349
340,349,386,387,350
341,350,387,388,351
342,351,388,389,352
343,352,389,390,353
344,353,390,391,354
345,354,391,392,355
346,355,392,393,356
347,356,393,394,357
348,357,394,395,358
349,358,395,396,359
350,359,396,397,360
351,360,397,398,361
352,361,398,399,362
353,362,399,400,363
354,363,400,401,364
355,364,401,402,365
356,365,402,403,366
357,366,403,404,367
358,367,404,405,368
359,368,405,406,369
360,370,407,408,371
361,371,408,409,372
362,372,409,410,373
363,373,410,411,374
364,374,411,412,375
365,375,412,413,376
366,376,413,414,377
367,377,414,415,378
368,378,415,416,379
369,379,416,417,380
370,380,417,418,381
371,381,418,419,382
372,382,419,420,383
373,383,420,421,384
374,384,421,422,385
375,385,422,423,386
376,386,423,424,387
377,387,424,425,388
378,388,425,426,389
379,389,426,427,390
380,390,427,428,391
381,391,428,429,392
382,392,429,430,393
383,393,430,431,394
384,394,431,432,395
385,395,432,433,396
386,396,433,434,397
387,397,434,435,398
388,398,435,436,399
389,399,436,437,400
390,400,437,438,401
391,401,438,439,402
392,402,439,440,403
393,403,440,441,404
394,404,441,442,405
395,405,442,443,406
396,407,444,445,408
397,408,445,446,409
398,409,446,447,410
399,410,447,448,411
400,411,448,449,412
401,412,449,450,413
402,413,450,451,414
403,414,451,452,415
404,415,452,453,416
405,416,453,454,417
406,417,454,455,418
407,418,455,456,419
408,419,456,457,420
409,420,457,458,421
410,421,458,459,422
411,422,459,460,423
412,423,460,461,424
413,424,461,462,425
414,425,462,463,426
415,426,463,464,427
416,427,464,465,428
417,428,465,466,429
418,429,466,467,430
419,430,467,468,431
420,431,468,469,432
421,432,469,470,433
422,433,470,471,434
423,434,471,472,435
424,435,472,473,436
425,436,473,474,437
426,437,474,475,438
427,438,475,476,439
428,439,476,477,440
429,440,477,478,441
430,441,478,479,442
431,442,479,480,443
432,444,481,482,445
433,445,482,483,446
434,446,483,484,447
435,447,484,485,448
436,448,485,486,449
437,449,486,487,450
438,450,487,488,451
439,451,488,489,452
440,452,489,490,453
441,453,490,491,454
442,454,491,492,455
443,455,492,493,456
444,456,493,494,457
445,457,494,495,458
446,458,495,496,459
447,459,496,497,460
448,460,497,498,461
449,461,498,499,462
450,462,499,500,463
451,463,500,501,464
452,464,501,502,465
453,465,502,503,466
454,466,503,504,467
455,467,504,505,468
456,468,505,506,469
457,469,506,507,470
458,470,507,508,471
459,471,508,509,472
460,472,509,510,473
461,473,510,511,474
462,474,511,512,475
463,475,512,513,476
464,476,513,514,477
465,477,514,515,478
466,478,515,516,479
467,479,516,517,480
468,481,518,519,482
469,482,519,520,483
470,483,520,521,484
471,484,521,522,485
472,485,522,523,486
473,486,523,524,487
474,487,524,525,488
475,488,525,526,489
476,489,526,527,490
477,490,527,528,491
478,491,528,529,492
479,492,529,530,493
480,493,530,531,494
481,494,531,532,495
482,495,532,533,496
483,496,533,534,497
484,497,534,535,498
485,498,535,536,499
486,499,536,537,500
487,500,537,538,501
488,501,538,539,502
489,502,539,540,503
490,503,540,541,504
491,504,541,542,505
492,505,542,543,506
493,506,543,544,507
494,507,544,545,508
495,508,545,546,509
496,509,546,547,510
497,510,547,548,511
498,511,548,549,512
499,512,549,550,513
500,513,550,551,514
501,514,551,552,515
502,515,552,553,516
503,516,553,554,517
504,518,555,556,519
505,519,556,557,520
506,520,557,558,521
507,521,558,559,522
508,522,559,560,523
509,523,560,561,524
510,524,561,562,525
511,525,562,563,526
512,526,563,564,527
513,527,564,565,528
514,528,565,566,529
515,529,566,567,530
516,530,567,568,531
517,531,568,569,532
518,532,569,570,533
519,533,570,571,534
520,534,571,572,535
521,535,572,573,536
522,536,573,574,537
523,537,574,575,538
524,538,575,576,539
525,539,576,577,540
526,540,577,578,541
527,541,578,579,542
528,542,579,580,543
529,543,580,581,544
530,544,581,582,545
531,545,582,583,546
532,546,583,584,547
533,547,584,585,548
534,548,585,586,549
535,549,586,587,550
536,550,587,588,551
537,551,588,589,552
538,552,589,590,553
539,553,590,591,554
540,555,592,593,556
541,556,593,594,557
542,557,594,595,558
543,558,595,596,559
544,559,596,597,560
545,560,597,598,561
546,561,598,599,562
547,562,599,600,563
548,563,600,601,564
549,564,601,602,565
550,565,602,603,566
551,566,603,604,567
552,567,604,605,568
553,568,605,606,569
554,569,606,607,570
555,570,607,608,571
556,571,608,609,572
557,572,609,610,573
558,573,610,611,574
559,574,611,612,575
560,575,612,613,576
561,576,613,614,577
562,577,614,615,578
563,578,615,616,579
564,579,616,617,580
565,580,617,618,581
566,581,618,619,582
567,582,619,620,583
568,583,620,621,584
569,584,621,622,585
570,585,622,623,586
571,586,623,624,587
572,587,624,625,588
573,588,625,626,589
574,589,626,627,590
575,590,627,628,591
576,592,629,630,593
577,593,630,631,594
578,594,631,632,595
579,595,632,633,596
580,596,633,634,597
581,597,634,635,598
582,598,635,636,599
583,599,636,637,600
584,600,637,638,601
585,601,638,639,602
586,602,639,640,603
587,603,640,641,604
588,604,641,642,605
589,605,642,643,606
590,606,643,644,607
591,607,644,645,608
592,608,645,646,609
593,609,646,647,610
594,610,647,648,611
595,611,648,649,612
596,612,649,650,613
597,613,650,651,614
598,614,651,652,615
599,615,652,653,616
600,616,653,654,617
601,617,654,655,618
602,618,655,656,619
603,619,656,657,620
604,620,657,658,621
605,621,658,659,622
606,622,659,660,623
607,623,660,661,624
608,624,661,662,625
609,625,662,663,626
610,626,663,664,627
611,627,664,665,628
612,629,666,667,630
613,630,667,668,631
614,631,668,669,632
615,632,669,670,633
616,633,670,671,634
617,634,671,672,635
618,635,672,673,636
619,636,673,674,637
620,637,674,675,638
621,638,675,676,639
622,639,676,677,640
623,640,677,678,641
624,641,678,679,642
625,642,679,680,643
626,643,680,681,644
627,644,681,682,645
628,645,682,683,646
629,646,683,684,647
630,647,684,685,648
631,648,685,686,649
632,649,686,687,650
633,650,687,688,651
634,651,688,689,652
635,652,689,690,653
636,653,690,691,654
637,654,691,692,655
638,655,692,693,656
639,656,693,694,657
640,657,694,695,658
641,658,695,696,659
642,659,696,697,660
643,660,697,698,661
644,661,698,699,662
645,662,699,700,663
646,663,700,701,664
647,664,701,702,665
# WAKE 
# SurfNodeNumPts
399
# SurfFaceNumPts
360
# nXsecs
20
# nYsecs
18
# Nodes,x,y,z
0,11.05,0.0,1.0500000000000003
1,61.05,0.0,1.0500000000000003
2,111.05,0.0,1.0500000000000003
3,161.05,0.0,1.0500000000000003
4,211.05,0.0,1.0500000000000003
5,261.05,0.0,1.0500000000000003
6,311.05,0.0,1.0500000000000003
7,361.05,0.0,1.0500000000000003
8,411.05,0.0,1.0500000000000003
9,461.05,0.0,1.0500000000000003
10,511.05,0.0,1.0500000000000003
11,561.05,0.0,1.0500000000000003
12,611.05,0.0,1.0500000000000003
13,661.05,0.0,1.0500000000000003
14,711.05,0.0,1.0500000000000003
15,761.05,0.0,1.0500000000000003
16,811.05,0.0,1.0500000000000003
17,861.05,0.0,1.0500000000000003
18,911.05,0.0,1.0500000000000003
19,961.05,0.0,1.0500000000000003
20,1011.05,0.0,1.0500000000000003
21,11.05,0.35912115049195226,0.986677251825204
22,61.05,0.35912115049195226,0.986677251825204
23,111.05,0.35912115049195226,0.986677251825204
24,161.05,0.35912115049195226,0.986677251825204
25,211.05,0.35912115049195226,0.986677251825204
26,261.05,0.35912115049195226,0.986677251825204
27,311.05,0.35912115049195226,0.986677251825204
28,361.05,0.35912115049195226,0.986677251825204
29,411.05,0.35912115049195226,0.986677251825204
30,461.05,0.35912115049195226,0.986677251825204
31,511.05,0.35912115049195226,0.986677251825204
32,561.05,0.35912115049195226,0.986677251825204
33,611.05,0.35912115049195226,0.986677251825204
34,661.05,0.35912115049195226,0.986677251825204
35,711.05,0.35912115049195226,0.986677251825204
36,761.05,0.35912115049195226,0.986677251825204
37,811.05,0.35912115049195226,0.986677251825204
38,861.05,0.35912115049195226,0.986677251825204
39,911.05,0.35912115049195226,0.986677251825204
40,961.05,0.35912115049195226,0.986677251825204
41,1011.05,0.35912115049195226,0.986677251825204
42,11.05,0.6749269901708664,0.8043466652749272
43,61.05,0.6749269901708664,0.8043466652749272
44,111.05,0.6749269901708664,0.8043466652749272
45,161.05,0.6749269901708664,0.8043466652749272
46,211.05,0.6749269901708664,0.8043466652749272
47,261.05,0.6749269901708664,0.8043466652749272
48,311.05,0.6749269901708664,0.8043466652749272
49,361.05,0.6749269901708664,0.8043466652749272
50,411.05,0.6749269901708664,0.8043466652749272
51,461.05,0.6749269901708664,0.8043466652749272
52,511.05,0.6749269901708664,0.8043466652749272
53,561.05,0.6749269901708664,0.8043466652749272
54,611.05,0.6749269901708664,0.8043466652749272
55,661.05,0.6749269901708664,0.8043466652749272
56,711.05,0.6749269901708664,0.8043466652749272
57,761.05,0.6749269901708664,0.8043466652749272
58,811.05,0.6749269901708664,0.8043466652749272
59,861.05,0.6749269901708664,0.8043466652749272
60,911.05,0.6749269901708664,0.8043466652749272
61,961.05,0.6749269901708664,0.8043466652749272
62,1011.05,0.6749269901708664,0.8043466652749272
63,11.05,0.9093266739736607,0.5250000000000002
64,61.05,0.9093266739736607,0.5250000000000002
65,111.05,0.9093266739736607,0.5250000000000002
66,161.05,0.9093266739736607,0.5250000000000002
67,211.05,0.9093266739736607,0.5250000000000002
68,261.05,0.9093266739736607,0.5250000000000002
69,311.05,0.9093266739736607,0.5250000000000002
70,361.05,0.9093266739736607,0.5250000000000002
71,411.05,0.9093266739736607,0.5250000000000002
72,461.05,0.9093266739736607,0.5250000000000002
73,511.05,0.9093266739736607,0.5250000000000002
74,561.05,0.9093266739736607,0.5250000000000002
75,611.05,0.9093266739736607,0.5250000000000002
76,661.05,0.9093266739736607,0.5250000000000002
77,711.05,0.9093266739736607,0.5250000000000002
78,761.05,0.9093266739736607,0.5250000000000002
79,811.05,0.9093266739736607,0.5250000000000002
80,861.05,0.9093266739736607,0.5250000000000002
81,911.05,0.9093266739736607,0.5250000000000002
82,961.05,0.9093266739736607,0.5250000000000002
83,1011.05,0.9093266739736607,0.5250000000000002
84,11.05,1.0340481406628186,0.18233058655027698
85,61.05,1.0340481406628186,0.18233058655027698
86,111.05,1.0340481406628186,0.18233058655027698
87,161.05,1.0340481406628186,0.18233058655027698
88,211.05,1.0340481406628186,0.18233058655027698
89,261.05,1.0340481406628186,0.18233058655027698
90,311.05,1.0340481406628186,0.18233058655027698
91,361.05,1.0340481406628186,0.18233058655027698
92,411.05,1.0340481406628186,0.18233058655027698
93,461.05,1.0340481406628186,0.18233058655027698
94,511.05,1.0340481406628186,0.18233058655027698
95,561.05,1.0340481406628186,0.18233058655027698
96,611.05,1.0340481406628186,0.18233058655027698
97,661.05,1.0340481406628186,0.18233058655027698
98,711.05,1.0340481406628186,0.18233058655027698
99,761.05,1.0340481406628186,0.18233058655027698
100,811.05,1.0340481406628186,0.18233058655027698
101,861.05,1.0340481406628186,0.18233058655027698
102,911.05,1.0340481406628186,0.18233058655027698
103,961.05,1.0340481406628186,0.18233058655027698
104,1011.05,1.0340481406628186,0.18233058655027698
105,11.05,1.0340481406628186,-0.18233058655027687
106,61.05,1.0340481406628186,-0.18233058655027687
107,111.05,1.0340481406628186,-0.18233058655027687
108,161.05,1.0340481406628186,-0.18233058655027687
109,211.05,1.0340481406628186,-0.18233058655027687
110,261.05,1.0340481406628186,-0.18233058655027687
111,311.05,1.0340481406628186,-0.18233058655027687
112,361.05,1.0340481406628186,-0.18233058655027687
113,411.05,1.0340481406628186,-0.18233058655027687
114,461.05,1.0340481406628186,-0.18233058655027687
115,511.05,1.0340481406628186,-0.18233058655027687
116,561.05,1.0340481406628186,-0.18233058655027687
117,611.05,1.0340481406628186,-0.18233058655027687
118,661.05,1.0340481406628186,-0.18233058655027687
119,711.05,1.0340481406628186,-0.18233058655027687
120,761.05,1.0340481406628186,-0.18233058655027687
121,811.05,1.0340481406628186,-0.18233058655027687
122,861.05,1.0340481406628186,-0.18233058655027687
123,911.05,1.0340481406628186,-0.18233058655027687
124,961.05,1.0340481406628186,-0.18233058655027687
125,1011.05,1.0340481406628186,-0.18233058655027687
126,11.05,0.9093266739736608,-0.5249999999999999
127,61.05,0.9093266739736608,-0.5249999999999999
128,111.05,0.9093266739736608,-0.5249999999999999
129,161.05,0.9093266739736608,-0.5249999999999999
130,211.05,0.9093266739736608,-0.5249999999999999
131,261.05,0.9093266739736608,-0.5249999999999999
132,311.05,0.9093266739736608,-0.5249999999999999
133,361.05,0.9093266739736608,-0.5249999999999999
134,411.05,0.9093266739736608,-0.5249999999999999
135,461.05,0.9093266739736608,-0.5249999999999999
136,511.05,0.9093266739736608,-0.5249999999999999
137,561.05,0.9093266739736608,-0.5249999999999999
138,611.05,0.9093266739736608,-0.5249999999999999
139,661.05,0.9093266739736608,-0.5249999999999999
140,711.05,0.9093266739736608,-0.5249999999999999
141,761.05,0.9093266739736608,-0.5249999999999999
142,811.05,0.9093266739736608,-0.5249999999999999
143,861.05,0.9093266739736608,-0.5249999999999999
144,911.05,0.9093266739736608,-0.5249999999999999
145,961.05,0.9093266739736608,-0.5249999999999999
146,1011.05,0.9093266739736608,-0.5249999999999999
147,11.05,0.6749269901708667,-0.804346665274927
148,61.05,0.6749269901708667,-0.804346665274927
149,111.05,0.6749269901708667,-0.804346665274927
150,161.05,0.6749269901708667,-0.804346665274927
151,211.05,0.6749269901708667,-0.804346665274927
152,261.05,0.6749269901708667,-0.804346665274927
153,311.05,0.6749269901708667,-0.804346665274927
154,361.05,0.6749269901708667,-0.804346665274927
155,411.05,0.6749269901708667,-0.804346665274927
156,461.05,0.6749269901708667,-0.804346665274927
157,511.05,0.6749269901708667,-0.804346665274927
158,561.05,0.6749269901708667,-0.804346665274927
159,611.05,0.6749269901708667,-0.804346665274927
160,661.05,0.6749269901708667,-0.804346665274927
161,711.05,0.6749269901708667,-0.804346665274927
162,761.05,0.6749269901708667,-0.804346665274927
163,811.05,0.6749269901708667,-0.804346665274927
164,861.05,0.6749269901708667,-0.804346665274927
165,911.05,0.6749269901708667,-0.804346665274927
166,961.05,0.6749269901708667,-0.804346665274927
167,1011.05,0.6749269901708667,-0.804346665274927
168,11.05,0.3591211504919524,-0.9866772518252039
169,61.05,0.3591211504919524,-0.9866772518252039
170,111.05,0.3591211504919524,-0.9866772518252039
171,161.05,0.3591211504919524,-0.9866772518252039
172,211.05,0.3591211504919524,-0.9866772518252039
173,261.05,0.3591211504919524,-0.9866772518252039
174,311.05,0.3591211504919524,-0.9866772518252039
175,361.05,0.3591211504919524,-0.9866772518252039
176,411.05,0.3591211504919524,-0.9866772518252039
177,461.05,0.3591211504919524,-0.9866772518252039
178,511.05,0.3591211504919524,-0.9866772518252039
179,561.05,0.3591211504919524,-0.9866772518252039
180,611.05,0.3591211504919524,-0.9866772518252039
181,661.05,0.3591211504919524,-0.9866772518252039
182,711.05,0.3591211504919524,-0.9866772518252039
183,761.05,0.3591211504919524,-0.9866772518252039
184,811.05,0.3591211504919524,-0.9866772518252039
185,861.05,0.3591211504919524,-0.9866772518252039
186,911.05,0.3591211504919524,-0.9866772518252039
187,961.05,0.3591211504919524,-0.9866772518252039
188,1011.05,0.3591211504919524,-0.9866772518252039
189,11.05,1.2858791391047212e-16,-1.0500000000000003
190,61.05,1.2858791391047212e-16,-1.0500000000000003
191,111.05,1.2858791391047212e-16,-1.0500000000000003
192,161.05,1.2858791391047212e-16,-1.0500000000000003
193,211.05,1.2858791391047212e-16,-1.0500000000000003
194,261.05,1.2858791391047212e-16,-1.0500000000000003
195,311.05,1.2858791391047212e-16,-1.0500000000000003
196,361.05,1.2858791391047212e-16,-1.0500000000000003
197,411.05,1.2858791391047212e-16,-1.0500000000000003
198,461.05,1.2858791391047212e-16,-1.0500000000000003
199,511.05,1.2858791391047212e-16,-1.0500000000000003
200,561.05,1.2858791391047212e-16,-1.0500000000000003
201,611.05,1.2858791391047212e-16,-1.0500000000000003
202,661.05,1.2858791391047212e-16,-1.0500000000000003
203,711.05,1.2858791391047212e-16,-1.0500000000000003
204,761.05,1.2858791391047212e-16,-1.0500000000000003
205,811.05,1.2858791391047212e-16,-1.0500000000000003
206,861.05,1.2858791391047212e-16,-1.0500000000000003
207,911.05,1.2858791391047212e-16,-1.0500000000000003
208,961.05,1.2858791391047212e-16,-1.0500000000000003
209,1011.05,1.2858791391047212e-16,-1.0500000000000003
210,11.05,-0.3591211504919522,-0.986677251825204
211,61.05,-0.3591211504919522,-0.986677251825204
212,111.05,-0.3591211504919522,-0.986677251825204
213,161.05,-0.3591211504919522,-0.986677251825204
214,211.05,-0.3591211504919522,-0.986677251825204
215,261.05,-0.3591211504919522,-0.986677251825204
216,311.05,-0.3591211504919522,-0.986677251825204
217,361.05,-0.3591211504919522,-0.986677251825204
218,411.05,-0.3591211504919522,-0.986677251825204
219,461.05,-0.3591211504919522,-0.986677251825204
220,511.05,-0.3591211504919522,-0.986677251825204
221,561.05,-0.3591211504919522,-0.986677251825204
222,611.05,-0.3591211504919522,-0.986677251825204
223,661.05,-0.3591211504919522,-0.986677251825204
224,711.05,-0.3591211504919522,-0.986677251825204
225,761.05,-0.3591211504919522,-0.986677251825204
226,811.05,-0.3591211504919522,-0.986677251825204
227,861.05,-0.3591211504919522,-0.986677251825204
228,911.05,-0.3591211504919522,-0.986677251825204
229,961.05,-0.3591211504919522,-0.986677251825204
230,1011.05,-0.3591211504919522,-0.986677251825204
231,11.05,-0.6749269901708664,-0.8043466652749272
232,61.05,-0.6749269901708664,-0.8043466652749272
233,111.05,-0.6749269901708664,-0.8043466652749272
234,161.05,-0.6749269901708664,-0.8043466652749272
235,211.05,-0.6749269901708664,-0.8043466652749272
236,261.05,-0.6749269901708664,-0.8043466652749272
237,311.05,-0.6749269901708664,-0.8043466652749272
238,361.05,-0.6749269901708664,-0.8043466652749272
239,411.05,-0.6749269901708664,-0.8043466652749272
240,461.05,-0.6749269901708664,-0.8043466652749272
241,511.05,-0.6749269901708664,-0.8043466652749272
242,561.05,-0.6749269901708664,-0.8043466652749272
243,611.05,-0.6749269901708664,-0.8043466652749272
244,661.05,-0.6749269901708664,-0.8043466652749272
245,711.05,-0.6749269901708664,-0.8043466652749272
246,761.05,-0.6749269901708664,-0.8043466652749272
247,811.05,-0.6749269901708664,-0.8043466652749272
248,861.05,-0.6749269901708664,-0.8043466652749272
249,911.05,-0.6749269901708664,-0.8043466652749272
250,961.05,-0.6749269901708664,-0.8043466652749272
251,1011.05,-0.6749269901708664,-0.8043466652749272
252,11.05,-0.9093266739736605,-0.5250000000000006
253,61.05,-0.9093266739736605,-0.5250000000000006
254,111.05,-0.9093266739736605,-0.5250000000000006
255,161.05,-0.9093266739736605,-0.5250000000000006
256,211.05,-0.9093266739736605,-0.5250000000000006
257,261.05,-0.9093266739736605,-0.5250000000000006
258,311.05,-0.9093266739736605,-0.5250000000000006
259,361.05,-0.9093266739736605,-0.5250000000000006
260,411.05,-0.9093266739736605,-0.5250000000000006
261,461.05,-0.9093266739736605,-0.5250000000000006
262,511.05,-0.9093266739736605,-0.5250000000000006
263,561.05,-0.9093266739736605,-0.5250000000000006
264,611.05,-0.9093266739736605,-0.5250000000000006
265,661.05,-0.9093266739736605,-0.5250000000000006
266,711.05,-0.9093266739736605,-0.5250000000000006
267,761.05,-0.9093266739736605,-0.5250000000000006
268,811.05,-0.9093266739736605,-0.5250000000000006
269,861.05,-0.9093266739736605,-0.5250000000000006
270,911.05,-0.9093266739736605,-0.5250000000000006
271,961.05,-0.9093266739736605,-0.5250000000000006
272,1011.05,-0.9093266739736605,-0.5250000000000006
273,11.05,-1.0340481406628186,-0.1823305865502769
274,61.05,-1.0340481406628186,-0.1823305865502769
275,111.05,-1.0340481406628186,-0.1823305865502769
276,161.05,-1.0340481406628186,-0.1823305865502769
277,211.05,-1.0340481406628186,-0.1823305865502769
278,261.05,-1.0340481406628186,-0.1823305865502769
279,311.05,-1.0340481406628186,-0.1823305865502769
280,361.05,-1.0340481406628186,-0.1823305865502769
281,411.05,-1.0340481406628186,-0.1823305865502769
282,461.05,-1.0340481406628186,-0.1823305865502769
283,511.05,-1.0340481406628186,-0.1823305865502769
284,561.05,-1.0340481406628186,-0.1823305865502769
285,611.05,-1.0340481406628186,-0.1823305865502769
286,661.05,-1.0340481406628186,-0.1823305865502769
287,711.05,-1.0340481406628186,-0.1823305865502769
288,761.05,-1.0340481406628186,-0.1823305865502769
289,811.05,-1.0340481406628186,-0.1823305865502769
290,861.05,-1.0340481406628186,-0.1823305865502769
291,911.05,-1.0340481406628186,-0.1823305865502769
292,961.05,-1.0340481406628186,-0.1823305865502769
293,1011.05,-1.0340481406628186,-0.1823305865502769
294,11.05,-1.0340481406628188,0.1823305865502765
295,61.05,-1.0340481406628188,0.1823305865502765
296,111.05,-1.0340481406628188,0.1823305865502765
297,161.05,-1.0340481406628188,0.1823305865502765
298,211.05,-1.0340481406628188,0.1823305865502765
299,261.05,-1.0340481406628188,0.1823305865502765
300,311.05,-1.0340481406628188,0.1823305865502765
301,361.05,-1.0340481406628188,0.1823305865502765
302,411.05,-1.0340481406628188,0.1823305865502765
303,461.05,-1.0340481406628188,0.1823305865502765
304,511.05,-1.0340481406628188,0.1823305865502765
305,561.05,-1.0340481406628188,0.1823305865502765
306,611.05,-1.0340481406628188,0.1823305865502765
307,661.05,-1.0340481406628188,0.1823305865502765
308,711.05,-1.0340481406628188,0.1823305865502765
309,761.05,-1.0340481406628188,0.1823305865502765
310,811.05,-1.0340481406628188,0.1823305865502765
311,861.05,-1.0340481406628188,0.1823305865502765
312,911.05,-1.0340481406628188,0.1823305865502765
313,961.05,-1.0340481406628188,0.1823305865502765
314,1011.05,-1.0340481406628188,0.1823305865502765
315,11.05,-0.9093266739736607,0.5250000000000002
316,61.05,-0.9093266739736607,0.5250000000000002
317,111.05,-0.9093266739736607,0.5250000000000002
318,161.05,-0.9093266739736607,0.5250000000000002
319,211.05,-0.9093266739736607,0.5250000000000002
320,261.05,-0.9093266739736607,0.5250000000000002
321,311.05,-0.9093266739736607,0.5250000000000002
322,361.05,-0.9093266739736607,0.5250000000000002
323,411.05,-0.9093266739736607,0.5250000000000002
324,461.05,-0.9093266739736607,0.5250000000000002
325,511.05,-0.9093266739736607,0.5250000000000002
326,561.05,-0.9093266739736607,0.5250000000000002
327,611.05,-0.9093266739736607,0.5250000000000002
328,661.05,-0.9093266739736607,0.5250000000000002
329,711.05,-0.9093266739736607,0.5250000000000002
330,761.05,-0.9093266739736607,0.5250000000000002
331,811.05,-0.9093266739736607,0.5250000000000002
332,861.05,-0.9093266739736607,0.5250000000000002
333,911.05,-0.9093266739736607,0.5250000000000002
334,961.05,-0.9093266739736607,0.5250000000000002
335,1011.05,-0.9093266739736607,0.5250000000000002
336,11.05,-0.6749269901708668,0.8043466652749269
337,61.05,-0.6749269901708668,0.8043466652749269
338,111.05,-0.6749269901708668,0.8043466652749269
339,161.05,-0.6749269901708668,0.8043466652749269
340,211.05,-0.6749269901708668,0.8043466652749269
341,261.05,-0.6749269901708668,0.8043466652749269
342,311.05,-0.6749269901708668,0.8043466652749269
343,361.05,-0.6749269901708668,0.8043466652749269
344,411.05,-0.6749269901708668,0.8043466652749269
345,461.05,-0.6749269901708668,0.8043466652749269
346,511.05,-0.6749269901708668,0.8043466652749269
347,561.05,-0.6749269901708668,0.8043466652749269
348,611.05,-0.6749269901708668,0.8043466652749269
349,661.05,-0.6749269901708668,0.8043466652749269
350,711.05,-0.6749269901708668,0.8043466652749269
351,761.05,-0.6749269901708668,0.8043466652749269
352,811.05,-0.6749269901708668,0.8043466652749269
353,861.05,-0.6749269901708668,0.8043466652749269
354,911.05,-0.6749269901708668,0.8043466652749269
355,961.05,-0.6749269901708668,0.8043466652749269
356,1011.05,-0.6749269901708668,0.8043466652749269
357,11.05,-0.359121150491953,0.9866772518252037
358,61.05,-0.359121150491953,0.9866772518252037
359,111.05,-0.359121150491953,0.9866772518252037
360,161.05,-0.359121150491953,0.9866772518252037
361,211.05,-0.359121150491953,0.9866772518252037
362,261.05,-0.359121150491953,0.9866772518252037
363,311.05,-0.359121150491953,0.9866772518252037
364,361.05,-0.359121150491953,0.9866772518252037
365,411.05,-0.359121150491953,0.9866772518252037
366,461.05,-0.359121150491953,0.9866772518252037
367,511.05,-0.359121150491953,0.9866772518252037
368,561.05,-0.359121150491953,0.9866772518252037
369,611.05,-0.359121150491953,0.9866772518252037
370,661.05,-0.359121150491953,0.9866772518252037
371,711.05,-0.359121150491953,0.9866772518252037
372,761.05,-0.359121150491953,0.9866772518252037
373,811.05,-0.359121150491953,0.9866772518252037
374,861.05,-0.359121150491953,0.9866772518252037
375,911.05,-0.359121150491953,0.9866772518252037
376,961.05,-0.359121150491953,0.9866772518252037
377,1011.05,-0.359121150491953,0.9866772518252037
378,11.05,-2.5717582782094424e-16,1.0500000000000003
379,61.05,-2.5717582782094424e-16,1.0500000000000003
380,111.05,-2.5717582782094424e-16,1.0500000000000003
381,161.05,-2.5717582782094424e-16,1.0500000000000003
382,211.05,-2.5717582782094424e-16,1.0500000000000003
383,261.05,-2.5717582782094424e-16,1.0500000000000003
384,311.05,-2.5717582782094424e-16,1.0500000000000003
385,361.05,-2.5717582782094424e-16,1.0500000000000003
386,411.05,-2.5717582782094424e-16,1.0500000000000003
387,461.05,-2.5717582782094424e-16,1.0500000000000003
388,511.05,-2.5717582782094424e-16,1.0500000000000003
389,561.05,-2.5717582782094424e-16,1.0500000000000003
390,611.05,-2.5717582782094424e-16,1.0500000000000003
391,661.05,-2.5717582782094424e-16,1.0500000000000003
392,711.05,-2.5717582782094424e-16,1.0500000000000003
393,761.05,-2.5717582782094424e-16,1.0500000000000003
394,811.05,-2.5717582782094424e-16,1.0500000000000003
395,861.05,-2.5717582782094424e-16,1.0500000000000003
396,911.05,-2.5717582782094424e-16,1.0500000000000003
397,961.05,-2.5717582782094424e-16,1.0500000000000003
398,1011.05,-2.5717582782094424e-16,1.0500000000000003
# SurfPanels,P1,P2,P3,P4
0,0,21,22,1
1,1,22,23,2
2,2,23,24,3
3,3,24,25,4
4,4,25,26,5
5,5,26,27,6
6,6,27,28,7
7,7,28,29,8
8,8,29,30,9
9,9,30,31,10
10,10,31,32,11
11,11,32,33,12
12,12,33,34,13
13,13,34,35,14
14,14,35,36,15
15,15,36,37,16
16,16,37,38,17
17,17,38,39,18
18,18,39,40,19
19,19,40,41,20
20,21,42,43,22
21,22,43,44,23
22,23,44,45,24
23,24,45,46,25
24,25,46,47,26
25,26,47,48,27
26,27,48,49,28
27,28,49,50,29
28,29,50,51,30
29,30,51,52,31
30,31,52,53,32
31,32,53,54,33
32,33,54,55,34
33,34,55,56,35
34,35,56,57,36
35,36,57,58,37
36,37,58,59,38
37,38,59,60,39
38,39,60,61,40
39,40,61,62,41
40,42,63,64,43
41,43,64,65,44
42,44,65,66,45
43,45,66,67,46
44,46,67,68,47
45,47,68,69,48
46,48,69,70,49
47,49,70,71,50
48,50,71,72,51
49,51,72,73,52
50,52,73,74,53
51,53,74,75,54
52,54,75,76,55
53,55,76,77,56
54,56,77,78,57
55,57,78,79,58
56,58,79,80,59
57,59,80,81,60
58,60,81,82,61
59,61,82,83,62
60,63,84,85,64
61,64,85,86,65
62,65,86,87,66
63,66,87,88,67
64,67,88,89,68
65,68,89,90,69
66,69,90,91,70
67,70,91,92,71
68,71,92,93,72
69,72,93,94,73
70,73,94,95,74
71,74,95,96,75
72,75,96,97,76
73,76,97,98,77
74,77,98,99,78
75,78,99,100,79
76,79,100,101,80
77,80,101,102,81
78,81,102,103,82
79,82,103,104,83
80,84,105,106,85
81,85,106,107,86
82,86,107,108,87
83,87,108,109,88
84,88,109,110,89
85,89,110,111,90
86,90,111,112,91
87,91,112,113,92
88,92,113,114,93
89,93,114,115,94
90,94,115,116,95
91,95,116,117,96
92,96,117,118,97
93,97,118,119,98
94,98,119,120,99
95,99,120,121,100
96,100,121,122,101
97,101,122,123,102
98,102,123,124,103
99,103,124,125,104
100,105,126,127,106
101,106,127,128,107
102,107,128,129,108
103,108,129,130,109
104,109,130,131,110
105,110,131,132,111
106,111,132,133,112
107,112,133,134,113
108,113,134,135,114
109,114,135,136,115
110,115,136,137,116
111,116,137,138,117
112,117,138,139,118
113,118,139,140,119
114,119,140,141,120
115,120,141,142,121
116,121,142,143,122
117,122,143,144,123
118,123,144,145,124
119,124,145,146,125
120,126,147,148,127
121,127,148,149,128
122,128,149,150,129
123,129,150,151,130
124,130,151,152,131
125,131,152,153,132
126,132,153,154,133
127,133,154,155,134
128,134,155,156,135
129,135,156,157,136
130,136,157,158,137
131,137,158,159,138
132,138,159,160,139
133,139,160,161,140
134,140,161,162,141
135,141,162,163,142
136,142,163,164,143
137,143,164,165,144
138,144,165,166,145
139,145,166,167,146
140,147,168,169,148
141,148,169,170,149
142,149,170,171,150
143,150,171,172,151
144,151,172,173,152
145,152,173,174,153
146,153,174,175,154
147,154,175,176,155
148,155,176,177,156
149,156,177,178,157
150,157,178,179,158
151,158,179,180,159
152,159,180,181,160
153,160,181,182,161
154,161,182,183,162
155,162,183,184,163
156,163,184,185,164
157,164,185,186,165
158,165,186,187,166
159,166,187,188,167
160,168,189,190,169
161,169,190,191,170
162,170,191,192,171
163,171,192,193,172
164,172,193,194,173
165,173,194,195,174
166,174,195,196,175
167,175,196,197,176
168,176,197,198,177
169,177,198,199,178
170,178,199,200,179
171,179,200,201,180
172,180,201,202,181
173,181,202,203,182
174,182,203,204,183
175,183,204,205,184
176,184,205,206,185
177,185,206,207,186
178,186,207,208,187
179,187,208,209,188
180,189,210,211,190
181,190,211,212,191
182,191,212,213,192
183,192,213,214,193
184,193,214,215,194
185,194,215,216,195
186,195,216,217,196
187,196,217,218,197
188,197,218,219,198
189,198,219,220,199
190,199,220,221,200
191,200,221,222,201
192,201,222,223,202
193,202,223,224,203
194,203,224,225,204
195,204,225,226,205
196,205,226,227,206
197,206,227,228,207
198,207,228,229,208
199,208,229,230,209
200,210,231,232,211
201,211,232,233,212
202,212,233,234,213
203,213,234,235,214
204,214,235,236,215
205,215,236,237,216
206,216,237,238,217
207,217,238,239,218
208,218,239,240,219
209,219,240,241,220
210,220,241,242,221
211,221,242,243,222
212,222,243,244,223
213,223,244,245,224
214,224,245,246,225
215,225,246,247,226
216,226,247,248,227
217,227,248,249,228
218,228,249,250,229
219,229,250,251,230
220,231,252,253,232
221,232,253,254,233
222,233,254,255,234
223,234,255,256,235
224,235,256,257,236
225,236,257,258,237
226,237,258,259,238
227,238,259,260,239
228,239,260,261,240
229,240,261,262,241
230,241,262,263,242
231,242,263,264,243
232,243,264,265,244
233,244,265,266,245
234,245,266,267,246
235,246,267,268,247
236,247,268,269,248
237,248,269,270,249
238,249,270,271,250
239,250,271,272,251
240,252,273,274,253
241,253,274,275,254
242,254,275,276,255
243,255,276,277,256
244,256,277,278,257
245,257,278,279,258
246,258,279,280,259
247,259,280,281,260
248,260,281,282,261
249,261,282,283,262
250,262,283,284,263
251,263,284,285,264
252,264,285,286,265
253,265,286,287,266
254,266,287,288,267
255,267,288,289,268
256,268,289,290,269
257,269,290,291,270
258,270,291,292,271
259,271,292,293,272
260,273,294,295,274
261,274,295,296,275
262,275,296,297,276
263,276,297,298,277
264,277,298,299,278
265,278,299,300,279
266,279,300,301,280
267,280,301,302,281
268,281,302,303,282
269,282,303,304,283
270,283,304,305,284
271,284,305,306,285
272,285,306,307,286
273,286,307,308,287
274,287,308,309,288
275,288,309,310,289
276,289,310,311,290
277,290,311,312,291
278,291,312,313,292
279,292,313,314,293
280,294,315,316,295
281,295,316,317,296
282,296,317,318,297
283,297,318,319,298
284,298,319,320,299
285,299,320,321,300
286,300,321,322,301
287,301,322,323,302
288,302,323,324,303
289,303,324,325,304
290,304,325,326,305
291,305,326,327,306
292,306,327,328,307
293,307,328,329,308
294,308,329,330,309
295,309,330,331,310
296,310,331,332,311
297,311,332,333,312
298,312,333,334,313
299,313,334,335,314
300,315,336,337,316
301,316,337,338,317
302,317,338,339,318
303,318,339,340,319
304,319,340,341,320
305,320,341,342,321
306,321,342,343,322
307,322,343,344,323
308,323,344,345,324
309,324,345,346,325
310,325,346,347,326
311,326,347,348,327
312,327,348,349,328
313,328,349,350,329
314,329,350,351,330
315,330,351,352,331
316,331,352,353,332
317,332,353,354,333
318,333,354,355,334
319,334,355,356,335
320,336,357,358,337
321,337,358,359,338
322,338,359,360,339
323,339,360,361,340
324,340,361,362,341
325,341,362,363,342
326,342,363,364,343
327,343,364,365,344
328,344,365,366,345
329,345,366,367,346
330,346,367,368,347
331,347,368,369,348
332,348,369,370,349
333,349,370,371,350
334,350,371,372,351
335,351,372,373,352
336,352,373,374,353
337,353,374,375,354
338,354,375,376,355
339,355,376,377,356
340,357,378,379,358
341,358,379,380,359
342,359,380,381,360
343,360,381,382,361
344,361,382,383,362
345,362,383,384,363
346,363,384,385,364
347,364,385,386,365
348,365,386,387,366
349,366,387,388,367
350,367,388,389,368
351,368,389,390,369
352,369,390,391,370
353,370,391,392,371
354,371,392,393,372
355,372,393,394,373
356,373,394,395,374
357,374,395,396,375
358,375,396,397,376
359,376,397,398,377
# TrailingEdgeFaces,Lower,Upper
0,0,35
1,0,35
2,0,35
3,0,35
4,0,35
5,0,35
6,0,35
7,0,35
8,0,35
9,0,35
10,0,35
11,0,35
12,0,35
13,0,35
14,0,35
15,0,35
16,0,35
17,0,35
18,0,35
19,0,35
20,36,71
21,36,71
22,36,71
23,36,71
24,36,71
25,36,71
26,36,71
27,36,71
28,36,71
29,36,71
30,36,71
31,36,71
32,36,71
33,36,71
34,36,71
35,36,71
36,36,71
37,36,71
38,36,71
39,36,71
40,72,107
41,72,107
42,72,107
43,72,107
44,72,107
45,72,107
46,72,107
47,72,107
48,72,107
49,72,107
50,72,107
51,72,107
52,72,107
53,72,107
54,72,107
55,72,107
56,72,107
57,72,107
58,72,107
59,72,107
60,108,143
61,108,143
62,108,143
63,108,143
64,108,143
65,108,143
66,108,143
67,108,143
68,108,143
69,108,143
70,108,143
71,108,143
72,108,143
73,108,143
74,108,143
75,108,143
76,108,143
77,108,143
78,108,143
79,108,143
80,144,179
81,144,179
82,144,179
83,144,179
84,144,179
85,144,179
86,144,179
87,144,179
88,144,179
89,144,179
90,144,179
91,144,179
92,144,179
93,144,179
94,144,179
95,144,179
96,144,179
97,144,179
98,144,179
99,144,179
100,180,215
101,180,215
102,180,215
103,180,215
104,180,215
105,180,215
106,180,215
107,180,215
108,180,215
109,180,215
110,180,215
111,180,215
112,180,215
113,180,215
114,180,215
115,180,215
116,180,215
117,180,215
118,180,215
119,180,215
120,216,251
121,216,251
122,216,251
123,216,251
124,216,251
125,216,251
126,216,251
127,216,251
128,216,251
129,216,251
130,216,251
131,216,251
132,216,251
133,216,251
134,216,251
135,216,251
136,216,251
137,216,251
138,216,251
139,216,251
140,252,287
141,252,287
142,252,287
143,252,287
144,252,287
145,252,287
146,252,287
147,252,287
148,252,287
149,252,287
150,252,287
151,252,287
152,252,287
153,252,287
154,252,287
155,252,287
156,252,287
157,252,287
158,252,287
159,252,287
160,288,323
161,288,323
162,288,323
163,288,323
164,288,323
165,288,323
166,288,323
167,288,323
168,288,323
169,288,323
170,288,323
171,288,323
172,288,323
173,288,323
174,288,323
175,288,323
176,288,323
177,288,323
178,288,323
179,288,323
180,324,359
181,324,359
182,324,359
183,324,359
184,324,359
185,324,359
186,324,359
187,324,359
188,324,359
189,324,359
190,324,359
191,324,359
192,324,359
193,324,359
194,324,359
195,324,359
196,324,359
197,324,359
198,324,359
199,324,359
200,360,395
201,360,395
202,360,395
203,360,395
204,360,395
205,360,395
206,360,395
207,360,395
208,360,395
209,360,395
210,360,395
211,360,395
212,360,395
213,360,395
214,360,395
215,360,395
216,360,395
217,360,395
218,360,395
219,360,395
220,396,431
221,396,431
222,396,431
223,396,431
224,396,431
225,396,431
226,396,431
227,396,431
228,396,431
229,396,431
230,396,431
231,396,431
232,396,431
233,396,431
234,396,431
235,396,431
236,396,431
237,396,431
238,396,431
239,396,431
240,432,467
241,432,467
242,432,467
243,432,467
244,432,467
245,432,467
246,432,467
247,432,467
248,432,467
249,432,467
250,432,467
251,432,467
252,432,467
253,432,467
254,432,467
255,432,467
256,432,467
257,432,467
258,432,467
259,432,467
260,468,503
261,468,503
262,468,503
263,468,503
264,468,503
265,468,503
266,468,503
267,468,503
268,468,503
269,468,503
270,468,503
271,468,503
272,468,503
273,468,503
274,468,503
275,468,503
276,468,503
277,468,503
278,468,503
279,468,503
280,504,539
281,504,539
282,504,539
283,504,539
284,504,539
285,504,539
286,504,539
287,504,539
288,504,539
289,504,539
290,504,539
291,504,539
292,504,539
293,504,539
294,504,539
295,504,539
296,504,539
297,504,539
298,504,539
299,504,539
300,540,575
301,540,575
302,540,575
303,540,575
304,540,575
305,540,575
306,540,575
307,540,575
308,540,575
309,540,575
310,540,575
311,540,575
312,540,575
313,540,575
314,540,575
315,540,575
316,540,575
317,540,575
318,540,575
319,540,575
320,576,611
321,576,611
322,576,611
323,576,611
324,576,611
325,576,611
326,576,611
327,576,611
328,576,611
329,576,611
330,576,611
331,576,611
332,576,611
333,576,611
334,576,611
335,576,611
336,576,611
337,576,611
338,576,611
339,576,611
340,612,647
341,612,647
342,612,647
343,612,647
344,612,647
345,612,647
346,612,647
347,612,647
348,612,647
349,612,647
350,612,647
351,612,647
352,612,647
353,612,647
354,612,647
355,612,647
356,612,647
357,612,647
358,612,647
359,612,647
